  0.450  339 1460
  0.900  338 1460
  1.350  337 1460
  1.800  336 1460
  2.250  335 1460
  2.700  334 1460
  3.150  333 1460
  3.600  332 1460
  4.050  331 1460
  4.500  330 1460
  4.950  329 1460
  5.401  328 1460
  5.851  327 1460
  6.301  326 1460
  6.751  325 1460
  7.201  324 1460
  7.651  323 1460
  8.101  322 1460
  8.551  321 1460
  9.001  320 1460
  9.451  319 1460
  9.901  318 1460
 10.351  317 1460
 10.801  316 1460
 11.251  315 1460
 11.701  314 1460
 12.151  313 1460
 12.601  312 1460
 13.051  311 1460
 13.501  310 1460
 13.951  309 1460
 14.401  308 1460
 14.851  307 1460
 15.302  306 1460
 15.752  305 1460
 16.202  304 1460
 16.652  303 1460
 17.102  302 1460
 17.552  301 1460
 18.002  300 1460
 18.452  299 1460
 18.902  298 1460
 19.352  297 1460
 19.802  296 1460
 20.252  295 1460
 20.702  294 1460
 21.152  293 1460
 21.602  292 1460
 22.052  291 1460
 22.502  290 1460
 22.952  289 1460
 23.402  288 1460
 23.852  287 1460
 24.302  286 1460
 24.752  285 1460
 25.203  284 1460
 25.653  283 1460
 26.103  282 1460
 26.553  281 1460
 27.003  280 1460
 27.453  279 1460
 27.903  278 1460
 28.353  277 1460
 28.803  276 1460
 29.253  275 1460
 29.703  274 1460
 30.153  273 1460
 30.603  272 1460
 31.053  271 1460
 31.503  270 1460
 31.953  269 1460
 32.403  268 1460
 32.853  267 1460
 33.303  266 1460
 33.753  265 1460
 34.203  264 1460
 34.653  263 1460
 35.104  262 1460
 35.554  261 1460
 36.004  260 1460
 36.454  259 1460
 36.904  258 1460
 37.354  257 1460
 37.804  256 1460
 38.254  255 1460
 38.704  254 1460
 39.154  253 1460
 39.604  252 1460
 40.054  251 1460
 40.504  250 1460
 40.954  249 1460
 41.404  248 1460
 41.854  247 1460
 42.304  246 1460
 42.754  245 1460
 43.204  244 1460
 43.654  243 1460
 44.104  242 1460
 44.554  241 1460
 45.005  240 1460
 45.455  239 1460
 45.905  238 1460
 46.355  237 1460
 46.805  236 1460
 47.255  235 1460
 47.705  234 1460
 48.155  233 1460
 48.605  232 1460
 49.055  231 1460
 49.505  230 1460
 49.955  229 1460
 50.405  228 1460
 50.855  227 1460
 51.305  226 1460
 51.755  225 1460
 52.205  224 1460
 52.655  223 1460
 53.105  222 1460
 53.555  221 1460
 54.005  220 1460
 54.455  219 1460
 54.905  218 1460
 55.356  217 1460
 55.806  216 1460
 56.256  215 1460
 56.706  214 1460
 57.156  213 1460
 57.606  212 1460
 58.056  211 1460
 58.506  210 1460
 58.956  209 1460
 59.406  208 1460
 59.856  207 1460
 60.306  206 1460
 60.756  205 1460
 61.206  204 1460
 61.656  203 1460
 62.106  202 1460
 62.556  201 1460
 63.006  200 1460
 63.456  199 1460
 63.906  198 1460
 64.356  197 1460
 64.806  196 1460
 65.257  195 1460
 65.707  194 1460
 66.157  193 1460
 66.607  192 1460
 67.057  191 1460
 67.507  190 1460
 67.957  189 1460
 68.407  188 1460
 68.857  187 1460
 69.307  186 1460
 69.757  185 1460
 70.207  184 1460
 70.657  183 1460
 71.107  182 1460
 71.557  181 1460
 72.007  180 1460
 72.457  179 1460
 72.907  178 1460
 73.357  177 1460
 73.807  176 1460
 74.257  175 1460
 74.707  174 1460
 75.158  173 1460
 75.608  172 1460
 76.058  171 1460
 76.508  170 1460
 76.958  169 1460
 77.408  168 1460
 77.858  167 1460
 78.308  166 1460
 78.758  165 1460
 79.208  164 1460
 79.658  163 1460
 80.108  162 1460
 80.558  161 1460
 81.008  160 1460
 81.458  159 1460
 81.908  158 1460
 82.358  157 1460
 82.808  156 1460
 83.258  155 1460
 83.708  154 1460
 84.158  153 1460
 84.608  152 1460
 85.059  151 1460
 85.509  150 1460
 85.959  149 1460
 86.409  148 1460
 86.859  147 1460
 87.309  146 1460
 87.759  145 1460
 88.209  144 1460
 88.659  143 1460
 89.109  142 1460
 89.559  141 1460
 90.009  140 1460
 90.459  139 1460
 90.909  138 1460
 91.359  137 1460
 91.809  136 1460
 92.259  135 1460
 92.709  134 1460
 93.159  133 1460
 93.609  132 1460
 94.059  131 1460
 94.509  130 1460
 94.960  129 1460
 95.410  128 1460
 95.860  127 1460
 96.310  126 1460
 96.760  125 1460
 97.210  124 1460
 97.660  123 1460
 98.110  122 1460
 98.560  121 1460
 99.010  120 1460
 99.460  119 1460
 99.910  118 1460
100.360  117 1460
100.810  116 1460
101.260  115 1460
101.710  114 1460
102.160  113 1460
102.610  112 1460
103.060  111 1460
103.510  110 1460
103.960  109 1460
104.410  108 1460
104.860  107 1460
105.311  106 1460
105.761  105 1460
106.211  104 1460
106.661  103 1460
107.111  102 1460
107.561  101 1460
108.011  100 1460
108.461   99 1460
108.911   98 1460
109.361   97 1460
109.811   96 1460
110.261   95 1460
110.711   94 1460
111.161   93 1460
111.611   92 1460
112.061   91 1460
112.511   90 1460
112.961   89 1460
113.411   88 1460
113.861   87 1460
114.311   86 1460
114.761   85 1460
115.212   84 1460
115.662   83 1460
116.112   82 1460
116.562   81 1460
117.012   80 1460
117.462   79 1460
117.912   78 1460
118.362   77 1460
118.812   76 1460
119.262   75 1460
119.712   74 1460
120.162   73 1460
120.612   72 1460
121.062   71 1460
121.512   70 1460
121.962   69 1460
122.412   68 1460
122.862   67 1460
123.312   66 1460
123.762   65 1460
124.212   64 1460
124.662   63 1460
125.113   62 1460
125.563   61 1460
126.013   60 1460
126.463   59 1460
126.913   58 1460
127.363   57 1460
127.813   56 1460
128.263   55 1460
128.713   54 1460
129.163   53 1460
129.613   52 1460
130.063   51 1460
130.513   50 1460
130.963   49 1460
131.413   48 1460
131.863   47 1460
132.313   46 1460
132.763   45 1460
133.213   44 1460
133.663   43 1460
134.113   42 1460
134.563   41 1460
135.014   40 1460
135.464   39 1460
135.914   38 1460
136.364   37 1460
136.814   36 1460
137.264   35 1460
137.714   34 1460
138.164   33 1460
138.614   32 1460
139.064   31 1460
139.514   30 1460
139.964   29 1460
140.414   28 1460
140.864   27 1460
141.314   26 1460
141.764   25 1460
142.214   24 1460
142.664   23 1460
143.114   22 1460
143.564   21 1460
144.014   20 1460
144.464   19 1460
144.915   18 1460
145.365   17 1460
145.815   16 1460
146.265   15 1460
146.715   14 1460
147.165   13 1460
147.615   12 1460
148.065   11 1460
148.515   10 1460
148.965    9 1460
149.415    8 1460
149.865    7 1460
150.315    6 1460
150.765    5 1460
151.215    4 1460
151.665    3 1460
152.115    2 1460
152.565    1 1460
  0.379  341 1460
  0.758  342 1460
  1.137  343 1460
  1.516  344 1460
  1.895  345 1460
  2.274  346 1460
  2.654  347 1460
  3.033  348 1460
  3.412  349 1460
  3.791  350 1460
  4.170  351 1460
  4.549  352 1460
  4.928  353 1460
  5.307  354 1460
  5.686  355 1460
  6.065  356 1460
  6.444  357 1460
  6.823  358 1460
  7.202  359 1460
  7.582  360 1460
  7.961  361 1460
  8.340  362 1460
  8.719  363 1460
  9.098  364 1460
  9.477  365 1460
  9.856  366 1460
 10.235  367 1460
 10.614  368 1460
 10.993  369 1460
 11.372  370 1460
 11.751  371 1460
 12.130  372 1460
 12.509  373 1460
 12.889  374 1460
 13.268  375 1460
 13.647  376 1460
 14.026  377 1460
 14.405  378 1460
 14.784  379 1460
 15.163  380 1460
 15.542  381 1460
 15.921  382 1460
 16.300  383 1460
 16.679  384 1460
 17.058  385 1460
 17.437  386 1460
 17.817  387 1460
 18.196  388 1460
 18.575  389 1460
 18.954  390 1460
 19.333  391 1460
 19.712  392 1460
 20.091  393 1460
 20.470  394 1460
 20.849  395 1460
 21.228  396 1460
 21.607  397 1460
 21.986  398 1460
 22.365  399 1460
 22.745  400 1460
 23.124  401 1460
 23.503  402 1460
 23.882  403 1460
 24.261  404 1460
 24.640  405 1460
 25.019  406 1460
 25.398  407 1460
 25.777  408 1460
 26.156  409 1460
 26.535  410 1460
 26.914  411 1460
 27.293  412 1460
 27.672  413 1460
 28.052  414 1460
 28.431  415 1460
 28.810  416 1460
 29.189  417 1460
 29.568  418 1460
 29.947  419 1460
 30.326  420 1460
 30.705  421 1460
 31.084  422 1460
 31.463  423 1460
 31.842  424 1460
 32.221  425 1460
 32.600  426 1460
 32.980  427 1460
 33.359  428 1460
 33.738  429 1460
 34.117  430 1460
 34.496  431 1460
 34.875  432 1460
 35.254  433 1460
 35.633  434 1460
 36.012  435 1460
 36.391  436 1460
 36.770  437 1460
 37.149  438 1460
 37.528  439 1460
 37.908  440 1460
 38.287  441 1460
 38.666  442 1460
 39.045  443 1460
 39.424  444 1460
 39.803  445 1460
 40.182  446 1460
 40.561  447 1460
 40.940  448 1460
 41.319  449 1460
 41.698  450 1460
 42.077  451 1460
 42.456  452 1460
 42.835  453 1460
 43.215  454 1460
 43.594  455 1460
 43.973  456 1460
 44.352  457 1460
 44.731  458 1460
 45.110  459 1460
 45.489  460 1460
 45.868  461 1460
 46.247  462 1460
 46.626  463 1460
 47.005  464 1460
 47.384  465 1460
 47.763  466 1460
 48.143  467 1460
 48.522  468 1460
 48.901  469 1460
 49.280  470 1460
 49.659  471 1460
 50.038  472 1460
 50.417  473 1460
 50.796  474 1460
 51.175  475 1460
 51.554  476 1460
 51.933  477 1460
 52.312  478 1460
 52.691  479 1460
 53.071  480 1460
 53.450  481 1460
 53.829  482 1460
 54.208  483 1460
 54.587  484 1460
 54.966  485 1460
 55.345  486 1460
 55.724  487 1460
 56.103  488 1460
 56.482  489 1460
 56.861  490 1460
 57.240  491 1460
 57.619  492 1460
 57.998  493 1460
 58.378  494 1460
 58.757  495 1460
 59.136  496 1460
 59.515  497 1460
 59.894  498 1460
 60.273  499 1460
 60.652  500 1460
 61.031  501 1460
 61.410  502 1460
 61.789  503 1460
 62.168  504 1460
 62.547  505 1460
 62.926  506 1460
 63.306  507 1460
 63.685  508 1460
 64.064  509 1460
 64.443  510 1460
 64.822  511 1460
 65.201  512 1460
 65.580  513 1460
 65.959  514 1460
 66.338  515 1460
 66.717  516 1460
 67.096  517 1460
 67.475  518 1460
 67.854  519 1460
 68.234  520 1460
 68.613  521 1460
 68.992  522 1460
 69.371  523 1460
 69.750  524 1460
 70.129  525 1460
 70.508  526 1460
 70.887  527 1460
 71.266  528 1460
 71.645  529 1460
 72.024  530 1460
 72.403  531 1460
 72.782  532 1460
 73.161  533 1460
 73.541  534 1460
 73.920  535 1460
 74.299  536 1460
 74.678  537 1460
 75.057  538 1460
 75.436  539 1460
 75.815  540 1460
 76.194  541 1460
 76.573  542 1460
 76.952  543 1460
 77.331  544 1460
 77.710  545 1460
 78.089  546 1460
 78.469  547 1460
 78.848  548 1460
 79.227  549 1460
 79.606  550 1460
 79.985  551 1460
 80.364  552 1460
 80.743  553 1460
 81.122  554 1460
 81.501  555 1460
 81.880  556 1460
 82.259  557 1460
 82.638  558 1460
 83.017  559 1460
 83.397  560 1460
 83.776  561 1460
 84.155  562 1460
 84.534  563 1460
 84.913  564 1460
 85.292  565 1460
 85.671  566 1460
 86.050  567 1460
 86.429  568 1460
 86.808  569 1460
 87.187  570 1460
 87.566  571 1460
 87.945  572 1460
 88.324  573 1460
 88.704  574 1460
 89.083  575 1460
 89.462  576 1460
 89.841  577 1460
 90.220  578 1460
 90.599  579 1460
 90.978  580 1460
 91.357  581 1460
 91.736  582 1460
 92.115  583 1460
 92.494  584 1460
 92.873  585 1460
 93.252  586 1460
 93.632  587 1460
 94.011  588 1460
 94.390  589 1460
 94.769  590 1460
 95.148  591 1460
 95.527  592 1460
 95.906  593 1460
 96.285  594 1460
 96.664  595 1460
 97.043  596 1460
 97.422  597 1460
 97.801  598 1460
 98.180  599 1460
 98.560  600 1460
 98.939  601 1460
 99.318  602 1460
 99.697  603 1460
100.076  604 1460
100.455  605 1460
100.834  606 1460
101.213  607 1460
101.592  608 1460
101.971  609 1460
102.350  610 1460
102.729  611 1460
103.108  612 1460
103.487  613 1460
103.867  614 1460
104.246  615 1460
104.625  616 1460
105.004  617 1460
105.383  618 1460
105.762  619 1460
106.141  620 1460
106.520  621 1460
106.899  622 1460
107.278  623 1460
107.657  624 1460
108.036  625 1460
108.415  626 1460
108.795  627 1460
109.174  628 1460
109.553  629 1460
109.932  630 1460
110.311  631 1460
110.690  632 1460
111.069  633 1460
111.448  634 1460
111.827  635 1460
112.206  636 1460
112.585  637 1460
112.964  638 1460
113.343  639 1460
113.723  640 1460
114.102  641 1460
114.481  642 1460
114.860  643 1460
115.239  644 1460
115.618  645 1460
115.997  646 1460
116.376  647 1460
116.755  648 1460
117.134  649 1460
117.513  650 1460
117.892  651 1460
118.271  652 1460
118.650  653 1460
119.030  654 1460
119.409  655 1460
119.788  656 1460
120.167  657 1460
120.546  658 1460
120.925  659 1460
121.304  660 1460
121.683  661 1460
122.062  662 1460
122.441  663 1460
122.820  664 1460
123.199  665 1460
123.578  666 1460
123.958  667 1460
124.337  668 1460
124.716  669 1460
125.095  670 1460
125.474  671 1460
125.853  672 1460
126.232  673 1460
126.611  674 1460
126.990  675 1460
127.369  676 1460
127.748  677 1460
128.127  678 1460
128.506  679 1460
128.886  680 1460
129.265  681 1460
129.644  682 1460
130.023  683 1460
130.402  684 1460
130.781  685 1460
131.160  686 1460
131.539  687 1460
131.918  688 1460
132.297  689 1460
132.676  690 1460
133.055  691 1460
133.434  692 1460
133.813  693 1460
134.193  694 1460
134.572  695 1460
134.951  696 1460
135.330  697 1460
135.709  698 1460
136.088  699 1460
136.467  700 1460
136.846  701 1460
137.225  702 1460
137.604  703 1460
137.983  704 1460
138.362  705 1460
138.741  706 1460
139.121  707 1460
139.500  708 1460
139.879  709 1460
140.258  710 1460
140.637  711 1460
141.016  712 1460
141.395  713 1460
141.774  714 1460
142.153  715 1460
142.532  716 1460
142.911  717 1460
143.290  718 1460
143.669  719 1460
144.049  720 1460
144.428  721 1460
144.807  722 1460
145.186  723 1460
145.565  724 1460
145.944  725 1460
146.323  726 1460
146.702  727 1460
147.081  728 1460
147.460  729 1460
147.839  730 1460
148.218  731 1460
148.597  732 1460
148.977  733 1460
149.356  734 1460
149.735  735 1460
150.114  736 1460
150.493  737 1460
150.872  738 1460
151.251  739 1460
151.630  740 1460
152.009  741 1460
152.388  742 1460
152.767  743 1460
153.146  744 1460
153.525  745 1460
153.904  746 1460
154.284  747 1460
154.663  748 1460
155.042  749 1460
155.421  750 1460
155.800  751 1460
156.179  752 1460
156.558  753 1460
156.937  754 1460
157.316  755 1460
157.695  756 1460
158.074  757 1460
158.453  758 1460
158.832  759 1460
159.212  760 1460
159.591  761 1460
159.970  762 1460
160.349  763 1460
160.728  764 1460
161.107  765 1460
161.486  766 1460
161.865  767 1460
162.244  768 1460
162.623  769 1460
163.002  770 1460
