252 256
244 247
280 224
288 236
247 243
291 242
290 238
255 233
303 257
240 254
294 245
262 223
305 261
308 263
291 240
292 243
242 251
246 244
274 216
256 232
284 230
300 251
263 222
281 225
302 254
253 237
288 235
257 231
283 228
286 232
272 215
259 227
247 243
252 238
278 221
266 219
284 229
243 249
248 242
249 241
269 215
299 250
294 246
241 252
307 262
245 246
264 221
261 224
305 260
302 255
261 225
278 221
284 229
260 226
253 236
301 253
287 234
282 227
306 262
251 239
285 231
273 215
258 229
291 241
254 235
266 218
265 220
277 220
289 237
257 230
291 239
303 256
296 248
304 259
241 253
273 215
276 219
243 250
295 247
278 222
244 248
254 235
284 229
258 228
270 215
279 223
274 217
287 233
244 248
301 252
282 226
246 245
297 249
298 249
293 244
249 242
254 234
304 258
271 215
267 217
275 218
268 216
250 240
