288  153
288  154 
288  155 
288  156 
288  157 
288  158 
288  159 
288  160 
288  161 
288  162 
288  163 
288  164 
288  165 
288  166 
288  167 
288  168 
288  169 
288  170 
288  171 
288  172 
288  173 
288  174 
288  175 
288  176 
288  177 
288  178 
288  179 
288  180 
288  181 
288  182 
288  183 
288  184 
288  185 
288  186 
288  187 
288  188 
288  189 
288  190 
288  191 
288  192 
288  193 
288  194 
288  195 
288  196 
288  197 
288  198 
288  199 
288  200 
288  201 
288  202 
288  203 
288  204 
288  205
288  206
289  153
289  154
289  155
289  156
289  157
289  158
289  159
289  160
289  161
289  162
289  163
289  164
289  165
289  166
289  167
289  168
289  169
289  170
289  171
289  172
289  173
289  174
289  175
289  176
289  177
289  178
289  179
289  180
289  181
289  182
289  183
289  184
289  185
289  186
289  187
289  188
289  189
289  190
289  191
289  192
289  193
289  194
289  195
289  196
289  197
289  198
289  199
289  200
289  201
289  202
289  203
289  204
289  205
289  206
290  153
290  154
290  155
290  156
290  157
290  158
290  159
290  160
290  161
290  162
290  163
290  164
290  165
290  166
290  167
290  168
290  169
290  170
290  171
290  172
290  173
290  174
290  175
290  176
290  177
290  178
290  179
290  180
290  181
290  182
290  183
290  184
290  185
290  186
290  187
290  188
290  189
290  190
290  191
290  192
290  193
290  194
290  195
290  196
290  197
290  198
290  199
290  200
290  201
290  202
290  203
290  204
290  205
290  206
291  153
291  154
291  155
291  156
291  157
291  158
291  159
291  160
291  161
291  162
291  163
291  164
291  165
291  166
291  167
291  168
291  169
291  170
291  171
291  172
291  173
291  174
291  175
291  176
291  177
291  178
291  179
291  180
291  181
291  182
291  183
291  184
291  185
291  186
291  187
291  188
291  189
291  190
291  191
291  192
291  193
291  194
291  195
291  196
291  197
291  198
291  199
291  200
291  201
291  202
291  203
291  204
291  205
291  206
292  153
292  154
292  155
292  156
292  157
292  158
292  159
292  160
292  161
292  162
292  163
292  164
292  165
292  166
292  167
292  168
292  169
292  170
292  171
292  172
292  173
292  174
292  175
292  176
292  177
292  178
292  179
292  180
292  181
292  182
292  183
292  184
292  185
292  186
292  187
292  188
292  189
292  190
292  191
292  192
292  193
292  194
292  195
292  196
292  197
292  198
292  199
292  200
292  201
292  202
292  203
292  204
292  205
292  206
293  153
293  154
293  155
293  156
293  157
293  158
293  159
293  160
293  161
293  162
293  163
293  164
293  165
293  166
293  167
293  168
293  169
293  170
293  171
293  172
293  173
293  174
293  175
293  176
293  177
293  178
293  179
293  180
293  181
293  182
293  183
293  184
293  185
293  186
293  187
293  188
293  189
293  190
293  191
293  192
293  193
293  194
293  195
293  196
293  197
293  198
293  199
293  200
293  201
293  202
293  203
293  204
293  205
293  206
294  153
294  154
294  155
294  156
294  157
294  158
294  159
294  160
294  161
294  162
294  163
294  164
294  165
294  166
294  167
294  168
294  169
294  170
294  171
294  172
294  173
294  174
294  175
294  176
294  177
294  178
294  179
294  180
294  181
294  182
294  183
294  184
294  185
294  186
294  187
294  188
294  189
294  190
294  191
294  192
294  193
294  194
294  195
294  196
294  197
294  198
294  199
294  200
294  201
294  202
294  203
294  204
294  205
294  206
295  153
295  154
295  155
295  156
295  157
295  158
295  159
295  160
295  161
295  162
295  163
295  164
295  165
295  166
295  167
295  168
295  169
295  170
295  171
295  172
295  173
295  174
295  175
295  176
295  177
295  178
295  179
295  180
295  181
295  182
295  183
295  184
295  185
295  186
295  187
295  188
295  189
295  190
295  191
295  192
295  193
295  194
295  195
295  196
295  197
295  198
295  199
295  200
295  201
295  202
295  203
295  204
295  205
295  206
296  153
296  154
296  155
296  156
296  157
296  158
296  159
296  160
296  161
296  162
296  163
296  164
296  165
296  166
296  167
296  168
296  169
296  170
296  171
296  172
296  173
296  174
296  175
296  176
296  177
296  178
296  179
296  180
296  181
296  182
296  183
296  184
296  185
296  186
296  187
296  188
296  189
296  190
296  191
296  192
296  193
296  194
296  195
296  196
296  197
296  198
296  199
296  200
296  201
296  202
296  203
296  204
296  205
296  206
