ncols	5
nrows	1800
Hour	Min	Temp	wspd	Dir
0	0.0	0	3.017236664287635	173.05707755166583
0	0.16666666666666666	0	4.462668854000703	128.08174859253097
0	0.3333333333333333	0	3.2601185688052094	222.87323878082285
0	0.5	0	3.1062878753861787	103.02636149851993
0	0.6666666666666666	0	3.8237060399128553	135.88094372352853
0	0.8333333333333334	0	4.399295125919896	66.0680894730789
0	1.0	0	4.913711631528649	206.5015105006055
0	1.1666666666666667	0	3.0184368585674326	248.21481785993927
0	1.3333333333333333	0	4.596326741555335	105.82367633554956
0	1.5	0	4.760716994888944	231.83817667631038
0	1.6666666666666667	0	3.6523570345942744	96.04316620724839
0	1.8333333333333333	0	4.232802558344239	164.80304420591725
0	2.0	0	3.0040743919789064	74.16040032850105
0	2.1666666666666665	0	4.270282376750602	180.33535431481488
0	2.3333333333333335	0	4.066655245281519	217.67198234788273
0	2.5	0	4.490403446401768	88.82073664486587
0	2.6666666666666665	0	4.057711755586545	162.2180659458403
0	2.8333333333333335	0	4.469801980755863	230.57829577970176
0	3.0	0	3.2925661945620748	179.62437315450933
0	3.1666666666666665	0	3.439135102442944	82.75515728057847
0	3.3333333333333335	0	3.799556862270113	144.5041309432524
0	3.5	0	3.099411143756047	198.83917518492268
0	3.6666666666666665	0	4.208806669571359	178.56173881668522
0	3.8333333333333335	0	3.190206382367088	125.88868593234103
0	4.0	0	4.799524924263234	143.96663599338856
0	4.166666666666667	0	4.777846586971148	92.42967595233624
0	4.333333333333333	0	4.835053062065686	220.64227732628962
0	4.5	0	3.882022713688628	89.07243379282008
0	4.666666666666667	0	3.871507725168091	247.04181144559988
0	4.833333333333333	0	4.022201001507458	74.25122969343539
0	5.0	0	3.5950124405055193	129.9585117755234
0	5.166666666666667	0	4.540577252524722	229.0921218173144
0	5.333333333333333	0	4.924152141219604	236.14561660596232
0	5.5	0	4.146217243759884	58.26563192944223
0	5.666666666666667	0	4.608424324809273	66.99683927853563
0	5.833333333333333	0	4.025414101000566	87.78248698766006
0	6.0	0	4.360100654393909	87.2652915828645
0	6.166666666666667	0	4.076185657819613	146.04229518535593
0	6.333333333333333	0	3.6760555502727215	129.77520875656754
0	6.5	0	3.3502248111395163	131.04648927983385
0	6.666666666666667	0	4.93775609856988	130.3073183931054
0	6.833333333333333	0	3.623505814284192	164.5384841851014
0	7.0	0	4.121750882820566	60.315384258734504
0	7.166666666666667	0	3.1671415843253	112.9355720477316
0	7.333333333333333	0	4.509633781472699	219.85794438946309
0	7.5	0	4.252976227294186	215.2686163595473
0	7.666666666666667	0	4.155601608172439	129.10582506241542
0	7.833333333333333	0	4.703788764932444	199.94714583415399
0	8.0	0	4.551362433846654	114.0125797680636
0	8.166666666666666	0	4.885873830931779	195.0190632916239
0	8.333333333333334	0	3.922295010409648	120.21161985386028
0	8.5	0	4.94215617132264	140.6956898825086
0	8.666666666666666	0	3.8953975607198297	108.93026542987765
0	8.833333333333334	0	4.776886374474141	98.26453780042516
0	9.0	0	4.898706947623752	189.68759713006838
0	9.166666666666666	0	3.3283558180997335	216.11356238410514
0	9.333333333333334	0	3.5835088399229997	226.76950954362965
0	9.5	0	4.003959323921836	161.4424531146942
0	9.666666666666666	0	4.80479988879033	219.95092246267768
0	9.833333333333334	0	3.8023249618733943	155.3378943630442
0	10.0	0	3.2521047403940226	104.6617114361889
0	10.166666666666666	0	4.610120682614816	159.24138801140802
0	10.333333333333334	0	3.691889528519872	142.7694165236271
0	10.5	0	4.4365382016159245	52.439755091123644
0	10.666666666666666	0	3.964456377959065	182.37843688505558
0	10.833333333333334	0	3.936345810094612	213.06000413672578
0	11.0	0	3.3723415838698996	153.5218583197325
0	11.166666666666666	0	3.47279071649607	169.1518432353572
0	11.333333333333334	0	4.903883199976676	236.34879175121898
0	11.5	0	4.184524713252107	121.79259855884798
0	11.666666666666666	0	4.854762143190026	189.38648220396388
0	11.833333333333334	0	3.0461149997452397	158.75097954738135
0	12.0	0	3.8419634553092	157.68314759618698
0	12.166666666666666	0	4.74959432105317	75.097573695058
0	12.333333333333334	0	4.948743573515387	94.11398526462878
0	12.5	0	4.384894527445699	96.25162102467272
0	12.666666666666666	0	3.795831102234393	121.85943790925766
0	12.833333333333334	0	4.359898440398966	59.3050806781835
0	13.0	0	3.703228328300038	142.04121640734644
0	13.166666666666666	0	4.776235543604379	150.06666788250533
0	13.333333333333334	0	4.788622364081457	147.7283486242908
0	13.5	0	4.564837531884178	116.12003634836168
0	13.666666666666666	0	4.842553928604466	244.0018771420634
0	13.833333333333334	0	3.085660564314658	180.29180561831086
0	14.0	0	4.127134434570559	93.49356343752041
0	14.166666666666666	0	4.608871345736676	64.27685189173363
0	14.333333333333334	0	3.864240580360267	207.79041284057413
0	14.5	0	3.1201855721313008	198.76962817539706
0	14.666666666666666	0	3.110758007820448	187.3233890957825
0	14.833333333333334	0	4.230936392789085	144.30202711835096
0	15.0	0	4.9625848051342984	75.83540212505744
0	15.166666666666666	0	4.623843385873807	76.08978597780431
0	15.333333333333334	0	4.585747371799604	240.24994947890593
0	15.5	0	3.428340769225148	96.54092604917898
0	15.666666666666666	0	4.442121128160634	212.7386484850652
0	15.833333333333334	0	4.194715966744911	130.68145699731903
0	16.0	0	4.258889427261158	139.01223639273678
0	16.166666666666668	0	4.724199516945409	232.60495485970452
0	16.333333333333332	0	4.785014411301072	65.33626539219652
0	16.5	0	4.912537922462073	85.15430862850229
0	16.666666666666668	0	3.184634819594046	66.4992938133957
0	16.833333333333332	0	3.977472039917279	110.39541761689739
0	17.0	0	4.0364453366385495	167.9379515593148
0	17.166666666666668	0	3.9659337765735825	125.04426492402906
0	17.333333333333332	0	3.3397536632177296	147.4496849184397
0	17.5	0	4.274664862662168	72.86024850529256
0	17.666666666666668	0	3.672051673067668	215.4007848664418
0	17.833333333333332	0	4.068351726593136	245.1203140214226
0	18.0	0	4.699577689947274	67.06360954261035
0	18.166666666666668	0	3.942261742983053	160.63993621207604
0	18.333333333333332	0	4.611487488859998	76.69369434728488
0	18.5	0	4.951755847176893	118.40858835709207
0	18.666666666666668	0	4.729892358938563	60.18384076535021
0	18.833333333333332	0	4.218943933346844	158.75885257798762
0	19.0	0	3.5421632554927447	71.6089313079501
0	19.166666666666668	0	3.7271398643082243	173.0899897516614
0	19.333333333333332	0	3.708540476518384	118.70177227184713
0	19.5	0	4.626663005356277	187.51821326707204
0	19.666666666666668	0	4.217228990817269	83.27676006655808
0	19.833333333333332	0	3.400924829243176	212.42759047238135
0	20.0	0	3.7908004611777972	114.84482119070982
0	20.166666666666668	0	4.579628599592018	97.74699134056829
0	20.333333333333332	0	4.891863073931688	129.13960742892948
0	20.5	0	3.336302402571567	162.88008384672838
0	20.666666666666668	0	4.232601442783468	188.00140205411319
0	20.833333333333332	0	4.270273768579445	180.56696231413704
0	21.0	0	3.561929282165379	63.04194950358479
0	21.166666666666668	0	3.9485879695942145	185.55750212193786
0	21.333333333333332	0	3.685637779942404	192.73976277711574
0	21.5	0	4.37126029006195	151.82816135058056
0	21.666666666666668	0	3.1690643994175547	131.09217348111008
0	21.833333333333332	0	4.423644030772478	236.17547663469102
0	22.0	0	4.978445467696835	55.676932574658686
0	22.166666666666668	0	4.592586841852663	221.3710220643381
0	22.333333333333332	0	3.4362590505658632	153.95264082706845
0	22.5	0	4.748438133154137	208.6642952386063
0	22.666666666666668	0	4.297502885374241	138.85399969725904
0	22.833333333333332	0	3.6328616554872015	107.27139265329257
0	23.0	0	4.497994275099955	158.21425060826982
0	23.166666666666668	0	3.842796635897953	247.58898586015428
0	23.333333333333332	0	3.182418878309898	157.2739763544869
0	23.5	0	3.563803299908569	105.2247360870748
0	23.666666666666668	0	3.9889960923646144	129.51170108937322
0	23.833333333333332	0	4.081417458213851	64.53665877890609
0	24.0	0	4.2492695354821715	248.25855960432293
0	24.166666666666668	0	4.187030959087077	173.22573539937449
0	24.333333333333332	0	3.755670824887144	210.03573788882056
0	24.5	0	4.9952040714165555	143.62743932074585
0	24.666666666666668	0	4.056147506144133	240.27991295715088
0	24.833333333333332	0	3.402207780300603	241.69955865938036
0	25.0	0	4.854283655691011	113.09862408397953
0	25.166666666666668	0	3.4409833618689585	171.3051416035704
0	25.333333333333332	0	3.024985500613786	218.923880290494
0	25.5	0	4.125598701681535	209.24103000183288
0	25.666666666666668	0	3.9999425751228346	177.40908628182348
0	25.833333333333332	0	4.028669581809588	75.56398969213376
0	26.0	0	4.833716641114733	137.64073149127586
0	26.166666666666668	0	4.798106469866178	134.1179598006957
0	26.333333333333332	0	3.13045107226324	133.7129705549101
0	26.5	0	4.094937268160182	109.76762769864195
0	26.666666666666668	0	4.192834246602738	70.93978138625674
0	26.833333333333332	0	3.02184694342858	181.6948967572062
0	27.0	0	4.24909060886157	106.45586672933538
0	27.166666666666668	0	4.012465510220517	66.21666111076277
0	27.333333333333332	0	4.420413732371168	157.68412591869037
0	27.5	0	4.364327646254296	137.93352965533765
0	27.666666666666668	0	4.210397199440446	223.12399899941698
0	27.833333333333332	0	4.123815716189596	154.62099919586262
0	28.0	0	4.729658597423169	132.1416747091941
0	28.166666666666668	0	4.869290890053463	149.12599410485302
0	28.333333333333332	0	4.612993031202046	53.91952065637835
0	28.5	0	4.08900592997259	130.63319754976737
0	28.666666666666668	0	3.6430336125372227	190.4488446582835
0	28.833333333333332	0	4.313284640407165	198.01736119881423
0	29.0	0	4.4635362701903665	154.42658988194233
0	29.166666666666668	0	4.935843863113818	109.59911087199447
0	29.333333333333332	0	3.447047256519748	190.14304753496515
0	29.5	0	3.7470233545172897	76.4735112516629
0	29.666666666666668	0	3.775852058602733	233.9243986667758
0	29.833333333333332	0	4.602081231379149	150.68208930842397
0	30.0	0	3.1017461112400593	230.420298955935
0	30.166666666666668	0	3.3606013839085773	64.85068295578202
0	30.333333333333332	0	4.769306016861995	122.00340216459169
0	30.5	0	4.2584517545431995	146.51693754627297
0	30.666666666666668	0	3.5189837248773115	110.77417855732416
0	30.833333333333332	0	3.211621334165824	178.22293539532447
0	31.0	0	3.830483776883316	156.14105912264972
0	31.166666666666668	0	3.2016556324221477	203.54991917617252
0	31.333333333333332	0	3.623526311248058	215.67237786645583
0	31.5	0	3.8553001686700394	89.62374023952867
0	31.666666666666668	0	3.9022385903039103	62.89326662446819
0	31.833333333333332	0	4.606352751399398	148.22104785795315
0	32.0	0	4.111057839347536	222.9271029284589
0	32.166666666666664	0	4.4156152248991205	90.45803841185476
0	32.333333333333336	0	3.4641697483480582	55.35778637444358
0	32.5	0	4.92522706195588	244.14491055203564
0	32.666666666666664	0	4.317147193897677	83.41557266554973
0	32.833333333333336	0	4.136552527925461	98.24090256123921
0	33.0	0	4.768593871996939	119.5658710921643
0	33.166666666666664	0	4.226184873190556	55.44626882338126
0	33.333333333333336	0	4.111239499098966	169.8068487313893
0	33.5	0	3.9525206872631617	171.81914112191816
0	33.666666666666664	0	4.496072032653031	112.4583807955347
0	33.833333333333336	0	3.2557494303370946	241.40673265373007
0	34.0	0	3.2297347185128302	141.95130191332038
0	34.166666666666664	0	3.116991822924114	244.2320553235743
0	34.333333333333336	0	4.494555164299957	144.10263479339852
0	34.5	0	3.5177141785355808	117.57864399060463
0	34.666666666666664	0	4.962215191137995	126.58888676989864
0	34.833333333333336	0	4.428432881341415	233.3676029818711
0	35.0	0	4.766209877981345	166.8061893289982
0	35.166666666666664	0	3.156117510998911	68.52259112867807
0	35.333333333333336	0	3.6048856487411642	59.032525086174445
0	35.5	0	4.0925890701414485	140.57022364449705
0	35.666666666666664	0	3.3659876313378967	143.7838984536677
0	35.833333333333336	0	3.931601062106018	147.32461515606184
0	36.0	0	3.595287001976436	84.4828637114541
0	36.166666666666664	0	4.760182995940525	197.35658637336405
0	36.333333333333336	0	4.375999527939017	220.03439293779934
0	36.5	0	3.080214447869703	247.04952807099576
0	36.666666666666664	0	4.742347693673553	166.6305807021277
0	36.833333333333336	0	4.779090593397459	170.3954625840183
0	37.0	0	3.6197590583982535	168.08231542697285
0	37.166666666666664	0	4.343728767630972	79.28645893579201
0	37.333333333333336	0	4.465833891928235	101.20257536974975
0	37.5	0	3.2000577724247066	184.90805227813365
0	37.666666666666664	0	4.280356026584384	231.24252562644057
0	37.833333333333336	0	4.960521396898617	244.9429746578263
0	38.0	0	4.459262068054947	182.10826533079143
0	38.166666666666664	0	4.575018856888267	76.64494969886786
0	38.333333333333336	0	3.0866230639465666	137.0625138840777
0	38.5	0	3.906094519296392	132.44397074058196
0	38.666666666666664	0	3.690335634366712	217.84218459721998
0	38.833333333333336	0	4.087080995018715	132.596012669959
0	39.0	0	4.231358079573515	103.59928612882383
0	39.166666666666664	0	3.1722900020423213	228.49159067768863
0	39.333333333333336	0	4.1529687845109615	245.79921756303222
0	39.5	0	4.05123521253222	130.58939764426466
0	39.666666666666664	0	4.685664957975954	111.18700472832364
0	39.833333333333336	0	4.374263137428306	76.54243638818754
0	40.0	0	4.2849594348434605	142.15867931717543
0	40.166666666666664	0	3.3248580353641675	237.93602323250448
0	40.333333333333336	0	3.073474764427547	162.35154242454848
0	40.5	0	3.4742773629862542	168.1583149549195
0	40.666666666666664	0	3.4653743350634842	174.9934773002028
0	40.833333333333336	0	3.66706547060134	179.27566612338063
0	41.0	0	4.770310112580256	102.52832778842293
0	41.166666666666664	0	4.911383153361131	102.38677363345461
0	41.333333333333336	0	3.5057085595166724	198.26061986939277
0	41.5	0	3.5859821251258586	133.7809655768815
0	41.666666666666664	0	4.390355326718351	224.23961998072792
0	41.833333333333336	0	4.926043092269044	198.3276698835764
0	42.0	0	3.548881747034163	234.32934404258214
0	42.166666666666664	0	4.712987831702122	71.87563427925876
0	42.333333333333336	0	3.3258946808380165	127.38749440275696
0	42.5	0	4.368765468194571	196.04200901922948
0	42.666666666666664	0	3.2901340010690054	242.70307583137892
0	42.833333333333336	0	4.243004100083949	91.623010180452
0	43.0	0	4.503181212806308	158.3188543478153
0	43.166666666666664	0	3.7818095495948487	130.95934838300764
0	43.333333333333336	0	3.9338834454694287	122.59148202295953
0	43.5	0	3.479883493030071	164.94133203906944
0	43.666666666666664	0	3.01879888752472	200.3186056957748
0	43.833333333333336	0	4.043024331921672	116.93995146725975
0	44.0	0	4.80060836255112	246.9888819554117
0	44.166666666666664	0	3.0259638126714936	153.8018896869766
0	44.333333333333336	0	3.820580383833714	238.1873529751421
0	44.5	0	4.360883927130281	223.1480102593997
0	44.666666666666664	0	3.9978162217324837	75.91525281385503
0	44.833333333333336	0	3.65484961597359	206.56632892058903
0	45.0	0	4.0971428767521125	169.55978512729098
0	45.166666666666664	0	3.9097811942709946	79.89212966431069
0	45.333333333333336	0	4.06916212306367	246.47608358125478
0	45.5	0	4.406484390149078	94.61940061172027
0	45.666666666666664	0	4.540104700735317	185.62004224209153
0	45.833333333333336	0	3.894643273570677	98.5893550285272
0	46.0	0	4.035779068221482	187.39731564150935
0	46.166666666666664	0	3.9435745805614126	99.45333708753301
0	46.333333333333336	0	4.143045012226499	93.87032249667011
0	46.5	0	3.3339305182920795	241.00899175338114
0	46.666666666666664	0	3.7438827770160525	155.69166242162996
0	46.833333333333336	0	3.708429174503756	110.3601558032578
0	47.0	0	3.7012692626789407	205.60893562991367
0	47.166666666666664	0	4.3500817566211385	122.95244288749929
0	47.333333333333336	0	4.932713298068604	243.11247603513524
0	47.5	0	3.9192763761197726	242.88811359036254
0	47.666666666666664	0	3.676442674829474	60.77409943735608
0	47.833333333333336	0	3.25646861466665	87.52534199804482
0	48.0	0	3.9368761466073643	150.0515173884729
0	48.166666666666664	0	3.94512076292703	138.21857723116588
0	48.333333333333336	0	4.590154488697695	112.80968710917536
0	48.5	0	4.229920596026026	133.15823552329613
0	48.666666666666664	0	3.4371452031397816	174.536778341081
0	48.833333333333336	0	3.098202682726667	153.61955897455243
0	49.0	0	4.610475453212985	146.2092263662883
0	49.166666666666664	0	4.857884677181676	231.5320188902658
0	49.333333333333336	0	3.173790240058565	113.98667512799841
0	49.5	0	4.3831228492264325	104.13215443157608
0	49.666666666666664	0	3.4955707487987135	249.39435374692297
0	49.833333333333336	0	3.3492804436294703	220.5644327540176
0	50.0	0	4.036491205631567	227.37684657225543
0	50.166666666666664	0	4.241694237887469	65.6461269952614
0	50.333333333333336	0	4.55843115954238	215.58397284459133
0	50.5	0	3.6981144813003173	107.61384599412575
0	50.666666666666664	0	4.444901879113286	55.47577049771022
0	50.833333333333336	0	3.832584374432395	199.52094327861448
0	51.0	0	4.8167852614263325	94.31044054924784
0	51.166666666666664	0	3.58891601675183	68.05653794761876
0	51.333333333333336	0	4.433925637375624	146.80549594455482
0	51.5	0	3.884809923809958	208.90842473899914
0	51.666666666666664	0	3.992253999835202	66.23891237338364
0	51.833333333333336	0	4.3330562540923925	74.3938212527935
0	52.0	0	3.357765455057349	186.98374483129123
0	52.166666666666664	0	3.664146359129438	86.93333041370224
0	52.333333333333336	0	3.5228118086226825	63.946193266583265
0	52.5	0	4.625013864050581	141.0451537082485
0	52.666666666666664	0	3.6268108637287515	79.1035599659967
0	52.833333333333336	0	3.0915151399006997	66.88810299007007
0	53.0	0	3.252615301227071	211.3153218578411
0	53.166666666666664	0	4.40764962449525	219.9835581697807
0	53.333333333333336	0	3.391424394402275	172.8068499082253
0	53.5	0	3.5524111045872884	134.598017139117
0	53.666666666666664	0	3.963262747345059	204.20210190883083
0	53.833333333333336	0	3.6355519078599885	232.36956594471943
0	54.0	0	3.586689915961238	89.7079971535529
0	54.166666666666664	0	3.4364320746747734	113.11298170749762
0	54.333333333333336	0	4.41054693027511	205.02986405172066
0	54.5	0	3.225516476713269	171.33995651274262
0	54.666666666666664	0	3.2521851405176947	242.82383990897705
0	54.833333333333336	0	4.945973926604707	179.88227791011204
0	55.0	0	4.030763451050503	73.96871182786302
0	55.166666666666664	0	3.9832219700036053	61.10753734495529
0	55.333333333333336	0	3.5408416470446857	197.66623118408202
0	55.5	0	3.2131526966427293	126.56842104324137
0	55.666666666666664	0	4.980637178781499	209.355476986423
0	55.833333333333336	0	3.7951646753314874	207.52817555551377
0	56.0	0	3.330953517102209	72.65346311443861
0	56.166666666666664	0	3.26401731775789	121.65646809361886
0	56.333333333333336	0	3.674929494472003	120.01065147031935
0	56.5	0	3.8749144615157394	225.29139817326666
0	56.666666666666664	0	3.8553985747520914	226.4967587520328
0	56.833333333333336	0	4.869114330064306	186.01495429298507
0	57.0	0	4.48578874460812	102.10854340028357
0	57.166666666666664	0	3.3527542002073565	176.8907831985079
0	57.333333333333336	0	4.262133607603144	130.21815947232815
0	57.5	0	3.8194679105824787	241.5647705627202
0	57.666666666666664	0	4.767906119650295	243.2569021326699
0	57.833333333333336	0	3.9977659366264637	208.53034349337173
0	58.0	0	4.520026860727217	171.45596999962112
0	58.166666666666664	0	4.667037532446866	243.21216638821744
0	58.333333333333336	0	4.873539895267072	226.44227907333078
0	58.5	0	3.3614255868324903	118.12323444944293
0	58.666666666666664	0	4.584089374102627	188.71405790785508
0	58.833333333333336	0	4.468715451927631	154.20219453793908
0	59.0	0	3.3214703259479883	56.49734399121675
0	59.166666666666664	0	3.1317689298648776	140.53899195145843
0	59.333333333333336	0	3.234169036470857	183.21127241656467
0	59.5	0	3.5729267357245162	175.04880451856133
0	59.666666666666664	0	3.7839475774906566	81.74642202389897
0	59.833333333333336	0	3.987191372518992	85.25553174289529
1	0.0	0	4.501168345117724	105.98717652110463
1	0.16666666666666666	0	3.987894637848348	86.19783710615604
1	0.3333333333333333	0	3.055695420133231	133.4855322134344
1	0.5	0	4.738944150786435	211.5722195303331
1	0.6666666666666666	0	4.094849371935873	67.92042135182683
1	0.8333333333333334	0	4.370633099774996	214.57918793957631
1	1.0	0	3.669033173135438	55.95311676885033
1	1.1666666666666667	0	4.051389281811648	76.54018183762395
1	1.3333333333333333	0	4.747288191878506	170.31590762752845
1	1.5	0	3.1757295259139884	184.20437910494906
1	1.6666666666666667	0	3.3191780712364083	149.44774338378315
1	1.8333333333333333	0	3.5290756174696165	240.76620419966258
1	2.0	0	3.886041186376426	203.71711823213124
1	2.1666666666666665	0	4.0029800700125975	60.96580222709345
1	2.3333333333333335	0	3.7637909759261587	99.24907262356133
1	2.5	0	3.459698775352568	167.24637329574313
1	2.6666666666666665	0	3.5510856119387606	112.59972654677969
1	2.8333333333333335	0	3.68293994378768	151.79383772409713
1	3.0	0	4.360827795674059	212.9982400899325
1	3.1666666666666665	0	3.0020076707995047	98.38576341869648
1	3.3333333333333335	0	4.9695973680500956	173.60285413550497
1	3.5	0	4.139451266528131	168.32818973679142
1	3.6666666666666665	0	3.90875886749888	239.19399455155653
1	3.8333333333333335	0	3.1077193081693686	146.360426697807
1	4.0	0	4.702627803241402	84.95416139279666
1	4.166666666666667	0	3.568210981861412	115.25956539343541
1	4.333333333333333	0	4.953219125959754	89.46081178392231
1	4.5	0	4.966505255346257	81.9778935943858
1	4.666666666666667	0	3.777742836174202	214.74501213089536
1	4.833333333333333	0	4.970441166711912	113.4980751742529
1	5.0	0	3.224151565272381	237.24521354810076
1	5.166666666666667	0	3.263111653392584	157.19247438043953
1	5.333333333333333	0	3.7216862157142074	105.71203131571419
1	5.5	0	4.58072463117363	218.3245053878742
1	5.666666666666667	0	3.3675060308682703	215.59656658628853
1	5.833333333333333	0	4.035675872414222	146.43159345128487
1	6.0	0	3.9071298243048247	184.1812090123512
1	6.166666666666667	0	3.228067881005198	142.68075160747532
1	6.333333333333333	0	4.635556606060579	86.68861043506455
1	6.5	0	3.4243014420360973	241.88940694941218
1	6.666666666666667	0	3.127573310552772	70.83090104153997
1	6.833333333333333	0	4.169254147754639	245.75569073853706
1	7.0	0	4.699899138396004	205.7379487011784
1	7.166666666666667	0	4.098954710278983	87.94394300103039
1	7.333333333333333	0	4.814455582807174	140.92988387834833
1	7.5	0	3.43354881154162	197.02268966893303
1	7.666666666666667	0	4.251192484280691	51.97576899207004
1	7.833333333333333	0	4.655745201962673	89.85406123619508
1	8.0	0	3.8105410605919756	231.70680386365925
1	8.166666666666666	0	3.217820443045231	175.88501178199192
1	8.333333333333334	0	3.5497050313607534	149.32903657675274
1	8.5	0	3.7706519830368563	181.89240085849448
1	8.666666666666666	0	3.1136423365045425	244.50716186846697
1	8.833333333333334	0	3.371138523126355	117.08542806171958
1	9.0	0	4.590729555704749	149.4673986570525
1	9.166666666666666	0	3.399759208958958	90.07065416833109
1	9.333333333333334	0	3.504742726585572	239.3942166948904
1	9.5	0	4.507911856394201	162.03618827258202
1	9.666666666666666	0	3.0489285842163136	199.87206965681005
1	9.833333333333334	0	3.815062701584244	174.61336311797913
1	10.0	0	3.474580287267375	69.8499260021938
1	10.166666666666666	0	4.788629288489029	126.22569321570558
1	10.333333333333334	0	4.665673215016139	169.58295676077984
1	10.5	0	3.7649103303561064	187.33648192514087
1	10.666666666666666	0	3.362756612992877	55.232276749279244
1	10.833333333333334	0	4.907265387384968	242.85804589563682
1	11.0	0	3.2434372830994764	155.28022309514293
1	11.166666666666666	0	3.5481389512326773	129.08700614119368
1	11.333333333333334	0	4.123432484350729	238.64518503670155
1	11.5	0	4.324413965083661	92.8817823663836
1	11.666666666666666	0	3.9113098389094896	140.35659993543234
1	11.833333333333334	0	3.290969770166837	242.39985606655412
1	12.0	0	3.6316725632317706	227.87725922514122
1	12.166666666666666	0	4.285211220834123	81.56400926471173
1	12.333333333333334	0	3.8256884082779172	129.6366557646
1	12.5	0	3.2157251378955145	224.5283223599327
1	12.666666666666666	0	3.944502709869532	67.06565538721843
1	12.833333333333334	0	3.6611117547785854	71.76619068488976
1	13.0	0	4.97021506260024	132.39931419551496
1	13.166666666666666	0	3.190429224000626	196.00428110541407
1	13.333333333333334	0	3.4307408516713087	236.74128469691266
1	13.5	0	4.154579456677125	234.07785759645634
1	13.666666666666666	0	4.219018557458336	216.3597883474865
1	13.833333333333334	0	3.3483548766429756	209.8844489312335
1	14.0	0	4.183665559847774	129.9116152245162
1	14.166666666666666	0	3.9057559076632273	223.96447500862192
1	14.333333333333334	0	4.327324404645041	105.26732948934625
1	14.5	0	4.066579339448891	136.8389137563914
1	14.666666666666666	0	3.6305835468697496	201.8373083698761
1	14.833333333333334	0	3.0401691490493015	246.08571773113727
1	15.0	0	4.013495673867629	242.7748338590451
1	15.166666666666666	0	4.092611146852062	211.2382281502529
1	15.333333333333334	0	3.753359152975304	241.1589905163822
1	15.5	0	3.1965443385471835	215.94040036605395
1	15.666666666666666	0	3.7965668510205957	95.2367844484534
1	15.833333333333334	0	4.108151003480819	173.39523978651414
1	16.0	0	3.8339685397730965	60.03032414253335
1	16.166666666666668	0	3.5737802655097353	78.9943287714861
1	16.333333333333332	0	4.753333594008255	116.0915791139007
1	16.5	0	3.519048626166607	193.11801899237236
1	16.666666666666668	0	3.13914033296179	150.9137132462099
1	16.833333333333332	0	4.536152575006337	197.44730522075332
1	17.0	0	3.8590604000831545	244.48462792382819
1	17.166666666666668	0	4.760518816099895	209.73001168068063
1	17.333333333333332	0	4.458145983554404	107.69483861092365
1	17.5	0	4.315807836251146	164.79553512650534
1	17.666666666666668	0	4.07586912998894	60.78842160581781
1	17.833333333333332	0	3.9066784267848735	173.71377617580941
1	18.0	0	3.9078021707727344	58.77230263487647
1	18.166666666666668	0	4.851609349900388	58.34572268750415
1	18.333333333333332	0	3.852870536984123	171.67578264101795
1	18.5	0	4.87346730160411	125.13445457273681
1	18.666666666666668	0	4.918747159995021	209.77860458407315
1	18.833333333333332	0	3.303398725429453	189.83703627243838
1	19.0	0	3.202101611924938	247.40265136995743
1	19.166666666666668	0	3.004015546999076	93.99933863020611
1	19.333333333333332	0	4.817054467102134	243.58872748043564
1	19.5	0	4.280734406228115	64.32727709204644
1	19.666666666666668	0	4.014330937187223	183.95653968161315
1	19.833333333333332	0	4.325519484920809	57.70967636712419
1	20.0	0	4.915245846913571	175.2725708972091
1	20.166666666666668	0	4.325170741490947	107.49940664194838
1	20.333333333333332	0	4.7787949053089935	112.7269912386788
1	20.5	0	3.2666888442717434	240.7610242287426
1	20.666666666666668	0	3.5267660778900365	109.64748256040109
1	20.833333333333332	0	4.685139125268	171.54479179943723
1	21.0	0	4.370926801418549	230.35423892542772
1	21.166666666666668	0	4.124827967126625	91.84839380980767
1	21.333333333333332	0	3.817982320753116	199.087121538428
1	21.5	0	4.922494578235379	79.77931858628129
1	21.666666666666668	0	4.072141977858812	71.41236717867947
1	21.833333333333332	0	4.071613127517559	123.5324190250667
1	22.0	0	4.911770329483707	149.24295211230958
1	22.166666666666668	0	4.389789516068191	120.14867834649206
1	22.333333333333332	0	3.4857407177413906	96.58315945745026
1	22.5	0	3.986628604460646	249.62283592768415
1	22.666666666666668	0	3.15674989001839	70.33453703359277
1	22.833333333333332	0	3.117337856458101	247.7790712284245
1	23.0	0	4.512992060544533	118.97694894260911
1	23.166666666666668	0	3.907724247759198	105.43545487235525
1	23.333333333333332	0	4.976232584669244	121.66499333733873
1	23.5	0	4.149131581186989	206.72955174401002
1	23.666666666666668	0	4.053460797436093	141.25668103432702
1	23.833333333333332	0	4.387256567313374	86.07896043703857
1	24.0	0	3.2109435274294107	247.0177213028258
1	24.166666666666668	0	3.86667205593276	231.1023194090175
1	24.333333333333332	0	4.593639940860193	226.22143570318275
1	24.5	0	3.543276427197932	87.9277173099783
1	24.666666666666668	0	3.3695803917073164	148.59079208104367
1	24.833333333333332	0	3.3397794610151843	235.66712410284657
1	25.0	0	4.347951636027907	73.505697238867
1	25.166666666666668	0	4.094725032511233	188.43688328326766
1	25.333333333333332	0	4.701271599169279	97.12515971592805
1	25.5	0	4.243441577775358	56.156102562793485
1	25.666666666666668	0	3.116178327112352	225.05057921921338
1	25.833333333333332	0	3.1697019906117796	149.4560269311336
1	26.0	0	3.5039964100881233	225.88295045807718
1	26.166666666666668	0	3.3797658053373167	149.38530654837655
1	26.333333333333332	0	4.521387518317541	72.00327287198857
1	26.5	0	4.175866166169918	79.19756452523873
1	26.666666666666668	0	4.583029633243719	206.13215156009073
1	26.833333333333332	0	4.34409554813727	213.359073687773
1	27.0	0	3.7924120469294866	85.70098178646626
1	27.166666666666668	0	4.522033871610239	238.01621525529754
1	27.333333333333332	0	3.273473144430098	51.79383473309993
1	27.5	0	3.37435480426549	237.5136222413595
1	27.666666666666668	0	4.754948359152753	145.39555601292068
1	27.833333333333332	0	3.480034888854882	223.15574609393497
1	28.0	0	4.940936797504616	50.908279666997025
1	28.166666666666668	0	4.922682139709809	143.25601036359535
1	28.333333333333332	0	4.195335555207117	85.37511681927128
1	28.5	0	4.975890461611906	217.61924262698744
1	28.666666666666668	0	3.374431051144274	71.5761700468351
1	28.833333333333332	0	4.988417744435322	224.9547949046409
1	29.0	0	4.2610777391910215	234.13891047498748
1	29.166666666666668	0	4.599374841903717	238.31916377712938
1	29.333333333333332	0	3.985534685006191	140.03113359059148
1	29.5	0	4.751505157720587	51.53856162538872
1	29.666666666666668	0	4.0621719484481655	168.2816122960282
1	29.833333333333332	0	4.6210229356554615	168.66346293562478
1	30.0	0	4.2278984532424	238.4998953983133
1	30.166666666666668	0	3.5453708371442776	138.85864845625537
1	30.333333333333332	0	4.13730403403113	153.7433684947567
1	30.5	0	3.305647106253344	210.73394551323622
1	30.666666666666668	0	4.151149047443752	120.50626696400666
1	30.833333333333332	0	4.708343411962332	152.97225900538456
1	31.0	0	3.9489755269576245	197.08180153895356
1	31.166666666666668	0	3.3114250103405074	242.21321546054844
1	31.333333333333332	0	4.503254321271235	191.27524163040388
1	31.5	0	4.352675839973027	54.502235792546074
1	31.666666666666668	0	3.071623429719568	79.4222531528238
1	31.833333333333332	0	4.463621271440701	213.21634947629985
1	32.0	0	4.295413359087933	150.89342628855093
1	32.166666666666664	0	3.590232353313504	244.2297604498385
1	32.333333333333336	0	3.236795923037097	195.74247725307558
1	32.5	0	4.6920055362296385	168.18364102316696
1	32.666666666666664	0	4.243533339227752	147.88209053316228
1	32.833333333333336	0	3.253903039756156	220.07619523118373
1	33.0	0	4.899445882614241	72.14809122563707
1	33.166666666666664	0	3.4210291080966435	127.99065270737455
1	33.333333333333336	0	3.0003555672200766	240.83903178324724
1	33.5	0	4.653808406884387	105.63035840369571
1	33.666666666666664	0	4.489405449208103	83.7949516424897
1	33.833333333333336	0	4.2018231647525015	117.43173287706188
1	34.0	0	3.592293776995878	215.80557483185729
1	34.166666666666664	0	4.407356641605713	60.37740762977528
1	34.333333333333336	0	3.012103382855508	146.11479411662248
1	34.5	0	3.875080531008682	73.23338847773837
1	34.666666666666664	0	3.975046702865434	57.01488198271696
1	34.833333333333336	0	3.8822156292596377	231.78572077056253
1	35.0	0	3.162588489272421	202.0003257463272
1	35.166666666666664	0	4.053883849571081	217.75365362848083
1	35.333333333333336	0	4.122047528554846	218.67789968816905
1	35.5	0	4.291262817307327	159.40784242135305
1	35.666666666666664	0	4.61692077476433	177.60603981138252
1	35.833333333333336	0	3.215542433897843	133.52375506012353
1	36.0	0	4.559812648225188	95.46312827700817
1	36.166666666666664	0	4.978574943157011	191.15191392181615
1	36.333333333333336	0	3.6649936325640278	129.4210171682678
1	36.5	0	4.191500601260913	223.7883077564078
1	36.666666666666664	0	3.764252748092835	139.32647661164148
1	36.833333333333336	0	4.935520308780782	121.87971028591808
1	37.0	0	3.8488489702547284	155.2699407935879
1	37.166666666666664	0	4.344379546543468	94.2003106469042
1	37.333333333333336	0	4.3320077346039625	120.34750300209147
1	37.5	0	4.086016053810416	114.48762877869805
1	37.666666666666664	0	4.770548149061301	91.89857153157189
1	37.833333333333336	0	4.221215867837267	240.82715036070053
1	38.0	0	4.340869098927055	79.22823120058928
1	38.166666666666664	0	3.3800131544713503	213.62681665979323
1	38.333333333333336	0	4.733660927789593	71.7999606686594
1	38.5	0	4.971958312633741	79.6239201425707
1	38.666666666666664	0	4.813351377826871	169.11079065021013
1	38.833333333333336	0	3.2342713467227053	212.21870086447453
1	39.0	0	3.382435118283863	61.93764888115385
1	39.166666666666664	0	3.322286496422801	202.5302544900376
1	39.333333333333336	0	4.697475540724472	234.37021435256224
1	39.5	0	4.359486417840425	80.92220996010099
1	39.666666666666664	0	3.002709696525266	157.02205714349753
1	39.833333333333336	0	3.389812819766475	195.3469433996779
1	40.0	0	3.278826961384568	224.038531769272
1	40.166666666666664	0	3.51283294397994	220.70885727143897
1	40.333333333333336	0	3.6486329586543147	249.99635937628423
1	40.5	0	3.13273099293464	202.54861767816465
1	40.666666666666664	0	4.4379502526918255	187.51646479030293
1	40.833333333333336	0	3.2149840983915534	248.70204256798013
1	41.0	0	3.7592494644180534	152.38810053609257
1	41.166666666666664	0	3.7199733925477685	74.18866638838344
1	41.333333333333336	0	3.6671432504283556	50.229008725114774
1	41.5	0	4.970671861144691	77.43671289449729
1	41.666666666666664	0	4.4290173424237205	87.18275306870768
1	41.833333333333336	0	4.611939452319894	180.05273898087916
1	42.0	0	3.26071342289183	216.88106776890086
1	42.166666666666664	0	4.031849508353966	97.6957146059985
1	42.333333333333336	0	3.9963187013218295	126.87552758187921
1	42.5	0	3.640857953096648	226.21699765131748
1	42.666666666666664	0	3.592758232307223	99.96947011327772
1	42.833333333333336	0	4.242519547850426	125.0790382830792
1	43.0	0	4.114025987899142	199.35762916906663
1	43.166666666666664	0	3.879845786810598	59.167423300385735
1	43.333333333333336	0	4.8965325907611765	121.20754258447816
1	43.5	0	4.004288517354925	220.4622304743043
1	43.666666666666664	0	4.966186127233637	134.29325586881038
1	43.833333333333336	0	3.5897252697872037	92.63640173157847
1	44.0	0	4.459465696571204	183.51858636969865
1	44.166666666666664	0	4.90171245284693	144.50023503638096
1	44.333333333333336	0	3.7948855988163346	72.64356198361847
1	44.5	0	4.032662833343354	242.31285024992522
1	44.666666666666664	0	4.647889991487378	61.25440242221401
1	44.833333333333336	0	3.0264947263077584	56.33284712167019
1	45.0	0	3.40135871592574	211.9938365494077
1	45.166666666666664	0	4.441691420431548	103.58210682675679
1	45.333333333333336	0	3.675544092505053	206.29518575416844
1	45.5	0	3.5395985555142944	116.64812155995298
1	45.666666666666664	0	3.7854012637819894	110.34017481368448
1	45.833333333333336	0	3.935179431172841	157.45188818716778
1	46.0	0	3.5299130794361817	117.68701916404243
1	46.166666666666664	0	3.510337688102656	105.25992315434712
1	46.333333333333336	0	4.587152762144243	220.9918557606025
1	46.5	0	4.665308143700262	239.8205136532974
1	46.666666666666664	0	3.970467917511985	72.47320961178224
1	46.833333333333336	0	4.571506564200079	213.35589954352926
1	47.0	0	4.495308837326161	181.24569013003685
1	47.166666666666664	0	4.989620557463964	159.24366086695102
1	47.333333333333336	0	4.012866934228533	65.37571417986932
1	47.5	0	3.4296133257340466	220.57208352166873
1	47.666666666666664	0	4.285827192810427	227.4886071031079
1	47.833333333333336	0	3.9547040473558006	198.3559142996778
1	48.0	0	4.813181651248632	54.98294502691565
1	48.166666666666664	0	4.769277796280773	117.0504367606654
1	48.333333333333336	0	4.655189155175468	159.3846949274631
1	48.5	0	4.881069433077877	84.1033533023174
1	48.666666666666664	0	4.366209547844884	64.10011235521145
1	48.833333333333336	0	3.590856890591258	80.6355552371433
1	49.0	0	4.512279166928264	125.80298898672343
1	49.166666666666664	0	4.338288390176796	61.943412289924396
1	49.333333333333336	0	4.931936250412386	131.91849165635898
1	49.5	0	4.520360337616233	169.36675145124485
1	49.666666666666664	0	3.8929452609388067	155.14219725542964
1	49.833333333333336	0	3.2994526565343114	159.16828514605788
1	50.0	0	4.6042095606231825	165.65972210235466
1	50.166666666666664	0	4.130718505615954	139.4218305972251
1	50.333333333333336	0	4.161302485738781	202.7086789956355
1	50.5	0	3.764016826625659	172.50812283362202
1	50.666666666666664	0	4.935688010466027	189.3514850933507
1	50.833333333333336	0	4.81346582412379	248.66876534207762
1	51.0	0	4.661842003455635	137.80388302776154
1	51.166666666666664	0	4.638087308167787	165.17022924101963
1	51.333333333333336	0	3.0331262822377543	137.3907875486309
1	51.5	0	3.2399010996112336	155.98152229719875
1	51.666666666666664	0	3.486408440592209	143.17751523825655
1	51.833333333333336	0	3.161220321253511	108.47060110835221
1	52.0	0	3.0370600178170566	190.55106335146584
1	52.166666666666664	0	4.950788592152293	76.47630891431494
1	52.333333333333336	0	4.520107870696392	249.5026640084216
1	52.5	0	4.668790993053163	153.21395596766808
1	52.666666666666664	0	4.399952549002052	102.08939353030422
1	52.833333333333336	0	3.113660926417511	202.8244894203309
1	53.0	0	3.4302090240321403	177.52917557868625
1	53.166666666666664	0	3.9789962046623577	65.97855370885645
1	53.333333333333336	0	4.876866058341284	211.6100839189389
1	53.5	0	3.9867875403827773	52.79838040779579
1	53.666666666666664	0	3.7620998797789014	110.57146183909211
1	53.833333333333336	0	4.193554062741315	215.4620704441296
1	54.0	0	4.642719687338374	94.34080402055704
1	54.166666666666664	0	4.128870505042387	53.206235790404975
1	54.333333333333336	0	4.806362787213742	69.98707875387223
1	54.5	0	3.2011616839488592	144.0447423658417
1	54.666666666666664	0	4.450197026954159	243.4776077746997
1	54.833333333333336	0	4.893530300924445	120.37263323035117
1	55.0	0	3.4010301968974272	216.30223257890833
1	55.166666666666664	0	4.672774686357202	209.72605764209442
1	55.333333333333336	0	3.242365432780736	233.25504442238832
1	55.5	0	4.247644263866578	247.3205106521818
1	55.666666666666664	0	4.333083179743257	248.64054462937364
1	55.833333333333336	0	4.8377701205541	233.59121553499438
1	56.0	0	3.1340699425379546	60.397607152753686
1	56.166666666666664	0	4.452599943123328	157.8111379656658
1	56.333333333333336	0	4.503256111390943	125.11126304878131
1	56.5	0	4.83005601110108	137.9636233354325
1	56.666666666666664	0	4.176163925342381	211.60877988048892
1	56.833333333333336	0	4.647526248175978	137.39820555710156
1	57.0	0	4.518209178223691	176.81320316291476
1	57.166666666666664	0	4.893189375164775	210.3997084137784
1	57.333333333333336	0	3.816639255300447	54.75394622873952
1	57.5	0	3.8735642547871523	201.65237874656233
1	57.666666666666664	0	3.874131769526369	138.11068682624654
1	57.833333333333336	0	3.2335659932981775	78.6822250832768
1	58.0	0	4.47271839219555	201.39337487315228
1	58.166666666666664	0	4.578240919199965	211.71246251760795
1	58.333333333333336	0	4.395838814454306	65.83765058561235
1	58.5	0	4.810743307450563	131.96836486797764
1	58.666666666666664	0	3.1279708190940987	138.32158555483127
1	58.833333333333336	0	3.1390075561229054	197.31951230591375
1	59.0	0	3.095422934595482	170.086280985599
1	59.166666666666664	0	3.8539601235142182	173.24891096674776
1	59.333333333333336	0	3.368516472960019	75.76926372432303
1	59.5	0	4.445005956871197	197.49007538648138
1	59.666666666666664	0	4.114524783720048	229.23634833052824
1	59.833333333333336	0	4.393914985225049	138.27465758834467
2	0.0	0	4.772378364782979	209.92407729821105
2	0.16666666666666666	0	4.076124703660401	178.98486735344295
2	0.3333333333333333	0	3.914283923959304	111.88150036994736
2	0.5	0	3.5988657493358005	166.10637816246793
2	0.6666666666666666	0	3.0660476958620846	247.42653815846793
2	0.8333333333333334	0	4.118407736859135	242.72909058386588
2	1.0	0	4.377032922932443	178.3088019614507
2	1.1666666666666667	0	3.2041130782451503	156.4445765128135
2	1.3333333333333333	0	4.96232240015162	89.49726336626094
2	1.5	0	3.1548781335280274	178.34068278829244
2	1.6666666666666667	0	4.9837971849759715	184.18774492483874
2	1.8333333333333333	0	4.823929977670046	198.8952766848406
2	2.0	0	4.093483805118573	223.35178617094027
2	2.1666666666666665	0	3.470839437173833	76.92270402953689
2	2.3333333333333335	0	3.7316627986627604	159.12495602691104
2	2.5	0	3.435000408468936	109.32808402416019
2	2.6666666666666665	0	4.953871551256963	218.55926135509293
2	2.8333333333333335	0	3.0127168860982425	162.27613988166178
2	3.0	0	4.955075316096989	182.74091224751834
2	3.1666666666666665	0	3.8204290853021217	158.48279554999596
2	3.3333333333333335	0	4.265921358400598	176.00120754581087
2	3.5	0	4.139501401810936	50.68938126472074
2	3.6666666666666665	0	4.715131224631293	230.92485103303483
2	3.8333333333333335	0	3.263384939893885	127.9807877492795
2	4.0	0	3.683726598543139	227.08667424642366
2	4.166666666666667	0	3.705858401764349	99.46058263126685
2	4.333333333333333	0	4.920925726846958	114.92417127683076
2	4.5	0	4.279441151344181	78.89745238524938
2	4.666666666666667	0	4.248187026510721	230.87993300547691
2	4.833333333333333	0	3.515964253176233	154.3092201349748
2	5.0	0	3.847017948693537	185.9245380648804
2	5.166666666666667	0	3.6766736103069504	68.05189503507043
2	5.333333333333333	0	3.5078068947947005	66.79707004639408
2	5.5	0	4.68713277492417	55.833035066098915
2	5.666666666666667	0	3.211077564157761	127.7769884162018
2	5.833333333333333	0	4.732580913197907	97.17017738115648
2	6.0	0	4.719205014128249	170.5276378891312
2	6.166666666666667	0	3.9622942317491052	115.16661414865743
2	6.333333333333333	0	4.475773911654634	210.5282287045216
2	6.5	0	3.7768881853825587	230.0783790654733
2	6.666666666666667	0	4.041399209631778	210.83769411343056
2	6.833333333333333	0	4.5103894512694644	218.99795440672204
2	7.0	0	3.5389712775862163	227.41042844144178
2	7.166666666666667	0	4.969296980141118	63.0816215507062
2	7.333333333333333	0	4.137927510593484	54.910389265331006
2	7.5	0	4.253741373932484	74.09908985111736
2	7.666666666666667	0	3.4762921524178587	187.94671451854657
2	7.833333333333333	0	3.5612441037040172	183.68545049697406
2	8.0	0	3.1008691644599495	219.88045142805052
2	8.166666666666666	0	3.2614666217008192	151.52722753168922
2	8.333333333333334	0	3.5001108383163824	89.82867207884277
2	8.5	0	4.430731777067471	102.81571164739442
2	8.666666666666666	0	4.11082717235314	58.21872796878278
2	8.833333333333334	0	4.247989797932424	140.65245679540138
2	9.0	0	4.799041016740473	142.22201886206886
2	9.166666666666666	0	3.1792914633421487	195.69322285386593
2	9.333333333333334	0	3.7469353621829393	174.6231126110133
2	9.5	0	4.715722642315767	173.16842714135515
2	9.666666666666666	0	4.42197806060353	63.156802407632924
2	9.833333333333334	0	3.580143994861828	236.51948005438388
2	10.0	0	3.3609524268284576	222.0720287747104
2	10.166666666666666	0	3.7809708278241807	127.2421702717009
2	10.333333333333334	0	4.8707601315329185	123.6582973905286
2	10.5	0	3.6666186715317886	162.12965960012107
2	10.666666666666666	0	4.42950545171893	74.6967958438799
2	10.833333333333334	0	3.222130598057218	171.95931420803996
2	11.0	0	3.5655096962120485	61.27485263620809
2	11.166666666666666	0	3.2498932940915672	149.76912345115102
2	11.333333333333334	0	3.298545076165384	225.12907761604538
2	11.5	0	4.789238404461838	162.22097981122667
2	11.666666666666666	0	4.846718384742143	235.65901261125777
2	11.833333333333334	0	4.155118504126414	144.14975669427076
2	12.0	0	3.234075393919185	103.97968445884655
2	12.166666666666666	0	4.31393492223744	144.248582242196
2	12.333333333333334	0	3.678137137934508	248.8580660783081
2	12.5	0	4.964987813356782	218.9423066488972
2	12.666666666666666	0	4.193220483988879	69.10494779982648
2	12.833333333333334	0	3.658907215365157	81.85278448835776
2	13.0	0	4.7145350284061465	102.9703333009771
2	13.166666666666666	0	4.5598168579529545	207.86100384066293
2	13.333333333333334	0	3.2296906622902957	62.316993608897576
2	13.5	0	4.045870563675904	163.62286572631928
2	13.666666666666666	0	4.8983883298605235	217.82344134482818
2	13.833333333333334	0	3.24319387135177	90.4967458673942
2	14.0	0	4.947710270655533	181.1940604838667
2	14.166666666666666	0	4.801152962438351	101.19276207628968
2	14.333333333333334	0	4.249562936304255	81.33079008166388
2	14.5	0	4.742263734130796	68.05504546094198
2	14.666666666666666	0	3.918470287490856	63.64719942932193
2	14.833333333333334	0	4.05794474615448	78.73999334509587
2	15.0	0	4.012052405936072	155.1825195378977
2	15.166666666666666	0	4.871708533190072	114.15501035850455
2	15.333333333333334	0	3.4731674723010273	232.89955309332618
2	15.5	0	4.454275527480027	63.873767585834074
2	15.666666666666666	0	3.821834180115925	108.52718268444168
2	15.833333333333334	0	3.150486854686331	235.8456352630667
2	16.0	0	3.786693224061956	200.5344993981554
2	16.166666666666668	0	3.365781364893468	240.06848750189985
2	16.333333333333332	0	4.0599065650749235	102.3004059966455
2	16.5	0	4.160394281033817	129.99559155020708
2	16.666666666666668	0	4.666034208385907	175.26887074057194
2	16.833333333333332	0	3.712324364932015	170.79892817167905
2	17.0	0	4.054568594640305	96.85675231253754
2	17.166666666666668	0	3.93550780815492	170.2128262933375
2	17.333333333333332	0	4.957447352315855	75.10754710891582
2	17.5	0	3.8775274687054955	155.5333116117581
2	17.666666666666668	0	3.297005912979112	205.56107278825212
2	17.833333333333332	0	3.171576489381982	109.45021139892242
2	18.0	0	4.986471902443162	190.53561194076283
2	18.166666666666668	0	3.7802865241984636	87.74054914505247
2	18.333333333333332	0	3.3342444529080497	166.99557588993866
2	18.5	0	3.5444207688737563	133.4534128627104
2	18.666666666666668	0	4.9448408024584625	96.40440334110261
2	18.833333333333332	0	4.637322736798122	175.06788454229257
2	19.0	0	4.503535182883654	58.438865948365915
2	19.166666666666668	0	3.92640327288386	150.20739230188008
2	19.333333333333332	0	4.638353921917151	60.16760925165063
2	19.5	0	4.45583719722705	131.84521933407842
2	19.666666666666668	0	4.172231742923725	223.27321944865216
2	19.833333333333332	0	3.790033357831947	50.537601995655734
2	20.0	0	4.509775913870007	244.12376750345373
2	20.166666666666668	0	3.7953310710566313	104.07231898927162
2	20.333333333333332	0	3.647223661428878	234.97630836796736
2	20.5	0	3.587767810985886	125.02227813871389
2	20.666666666666668	0	4.3508207115996935	249.32130295212525
2	20.833333333333332	0	4.837652627439546	237.04520072844596
2	21.0	0	3.4179880907422526	170.3536670458446
2	21.166666666666668	0	4.3970705540486605	72.37197847655523
2	21.333333333333332	0	4.61728572523576	198.78246411798608
2	21.5	0	3.3043348849523047	245.77792700013842
2	21.666666666666668	0	4.8973218444453925	114.66812233075869
2	21.833333333333332	0	3.6197933133245854	84.43268707077672
2	22.0	0	3.7613975845760796	207.7023198426536
2	22.166666666666668	0	3.2602855439245118	198.37605323455838
2	22.333333333333332	0	3.3238168679434352	71.32245815563647
2	22.5	0	4.024940538892235	142.96867259655338
2	22.666666666666668	0	3.4954327720094174	138.27913219075523
2	22.833333333333332	0	3.3428918655587543	172.51798221470315
2	23.0	0	4.9901412680643435	98.75152981560768
2	23.166666666666668	0	3.9238801639296508	113.38142441038042
2	23.333333333333332	0	4.400674768349671	186.8323123019083
2	23.5	0	3.45560328480488	95.20050497197545
2	23.666666666666668	0	4.461188273266076	147.18011251170566
2	23.833333333333332	0	4.767063471718057	70.5208155374827
2	24.0	0	4.795770712749744	100.86421730711433
2	24.166666666666668	0	3.4650540447635425	125.90470753056142
2	24.333333333333332	0	3.9461563975658605	117.90275158789176
2	24.5	0	4.951316063801009	141.74486301054174
2	24.666666666666668	0	4.278550197883392	73.72206803039904
2	24.833333333333332	0	3.9407882670537386	193.33859046289078
2	25.0	0	3.4886223006169432	117.74177534547434
2	25.166666666666668	0	3.12676264548224	202.3842212981016
2	25.333333333333332	0	3.855368054173618	214.51618747531793
2	25.5	0	3.476649909831992	145.91253438683708
2	25.666666666666668	0	3.138669363727242	131.3398287593795
2	25.833333333333332	0	4.792448173482084	208.76773902116994
2	26.0	0	3.0720345936221185	140.95085322820356
2	26.166666666666668	0	3.6329007878571367	226.1040135012765
2	26.333333333333332	0	4.771134770646304	183.94312325301516
2	26.5	0	4.469717858418338	203.96531453415423
2	26.666666666666668	0	3.0603946156753925	92.7240010306771
2	26.833333333333332	0	3.0381281377128615	228.8676083342769
2	27.0	0	3.7140368165139686	117.33163419631569
2	27.166666666666668	0	4.24241813479776	81.40423304715404
2	27.333333333333332	0	4.914619167222683	213.15200559807576
2	27.5	0	4.690004857878499	154.24678685575995
2	27.666666666666668	0	4.851245606326165	151.55254708195318
2	27.833333333333332	0	3.9529817915386305	241.51535050585244
2	28.0	0	3.311270629004436	96.67583107061401
2	28.166666666666668	0	4.993964845533371	214.3435274806512
2	28.333333333333332	0	4.363459477258852	55.113161692560396
2	28.5	0	4.84345924160015	126.56527263335573
2	28.666666666666668	0	3.7872058506833555	149.90476674311807
2	28.833333333333332	0	3.5788558594305906	104.80211155332861
2	29.0	0	4.771549516443998	196.28953286221008
2	29.166666666666668	0	4.930558482989143	68.83082729499965
2	29.333333333333332	0	4.589377862153262	163.85402704910652
2	29.5	0	3.428632405231453	100.96336000506041
2	29.666666666666668	0	3.4463344936374294	198.2070586351117
2	29.833333333333332	0	4.903756519481393	137.2720963096445
2	30.0	0	4.51059991476235	145.03241505377864
2	30.166666666666668	0	3.369151147142113	188.84548233281905
2	30.333333333333332	0	3.2488494297386494	170.34932571720876
2	30.5	0	3.835544480403702	117.86018714930427
2	30.666666666666668	0	4.625333825438681	103.0363597241225
2	30.833333333333332	0	3.4491314167494806	91.10788262661858
2	31.0	0	4.465169539457164	139.15139769166356
2	31.166666666666668	0	4.492869014098895	212.71608068608955
2	31.333333333333332	0	4.339565200202786	142.30656348360694
2	31.5	0	4.254343129182951	98.15408632341462
2	31.666666666666668	0	3.6998522475447646	150.3338484433324
2	31.833333333333332	0	4.53883247754192	93.21674585912197
2	32.0	0	4.668828091200494	55.70345856096062
2	32.166666666666664	0	3.694084930818635	64.53010112227537
2	32.333333333333336	0	3.8920601940800594	165.6337366940306
2	32.5	0	4.413714511630443	192.22478738494257
2	32.666666666666664	0	4.158441648839699	67.55779655735347
2	32.833333333333336	0	3.2990146651352816	180.7744249126948
2	33.0	0	4.118427108660819	126.58884942566414
2	33.166666666666664	0	3.1843773011006555	170.59789337999416
2	33.333333333333336	0	3.36002112944909	223.85255931067084
2	33.5	0	4.569395115049017	180.87597689785377
2	33.666666666666664	0	4.34672942428695	208.0313788005893
2	33.833333333333336	0	4.151117123492858	143.13429686463542
2	34.0	0	4.278325685932094	177.19248716898906
2	34.166666666666664	0	4.412817033830289	95.4961811559773
2	34.333333333333336	0	4.804426211144245	133.9473260836063
2	34.5	0	4.501024739437281	99.11053738877646
2	34.666666666666664	0	3.7025058829793633	164.2174529850783
2	34.833333333333336	0	3.2104624974359384	111.11145050938725
2	35.0	0	4.1261294815078475	78.35790893365686
2	35.166666666666664	0	3.796917034969612	202.56775612010367
2	35.333333333333336	0	3.835812753365433	223.1159108888165
2	35.5	0	3.550970486051659	145.23236103916003
2	35.666666666666664	0	4.944068116527843	123.87915679115503
2	35.833333333333336	0	4.5909024532455245	107.50277338207974
2	36.0	0	4.137831620014943	148.89472712549332
2	36.166666666666664	0	4.170967742578933	197.85568911906626
2	36.333333333333336	0	4.085606735958999	100.61599308076359
2	36.5	0	4.951642849881093	73.12019837396457
2	36.666666666666664	0	4.793302515265223	134.06158178375364
2	36.833333333333336	0	4.141327158588412	189.30565942123033
2	37.0	0	3.0418835811609615	78.04703216891224
2	37.166666666666664	0	3.194373728143116	114.3018394315526
2	37.333333333333336	0	4.7215903475048115	92.37622634941802
2	37.5	0	4.838215945712292	244.6205712968393
2	37.666666666666664	0	4.871628419506514	232.5563793650571
2	37.833333333333336	0	3.6027464865940164	72.44961836727182
2	38.0	0	3.540866601911242	113.32685296415401
2	38.166666666666664	0	3.737996692363811	234.64109088957704
2	38.333333333333336	0	4.204223869971967	63.26860677168167
2	38.5	0	4.431553517828264	141.8583034419408
2	38.666666666666664	0	3.4010657701711398	144.98777240838524
2	38.833333333333336	0	4.575043191227428	233.95646430196498
2	39.0	0	3.50607236504135	178.8432245644768
2	39.166666666666664	0	3.9794005210618737	236.774263016712
2	39.333333333333336	0	3.0996786386326676	52.91475652519224
2	39.5	0	4.901534033099667	205.86486913682776
2	39.666666666666664	0	3.2743313887392262	127.88489948385467
2	39.833333333333336	0	3.020387001322392	234.29649930320141
2	40.0	0	3.394444750604866	52.73413928657995
2	40.166666666666664	0	4.5882859866346255	74.50420890789616
2	40.333333333333336	0	4.322079042011063	195.62559259773803
2	40.5	0	4.383858200413823	178.27622237486196
2	40.666666666666664	0	4.927007081224745	164.0821022543226
2	40.833333333333336	0	3.3056901446729805	194.30953038886364
2	41.0	0	4.818973216015881	139.53496795456002
2	41.166666666666664	0	4.9712908778165446	179.3712164070195
2	41.333333333333336	0	4.671591046891589	183.55025800827102
2	41.5	0	3.523812901411974	76.95338180595364
2	41.666666666666664	0	3.251466081823425	86.51524269629954
2	41.833333333333336	0	3.9993754863420974	196.41122701619076
2	42.0	0	3.322770306544035	124.29383659492785
2	42.166666666666664	0	4.070724755996375	85.92531131482335
2	42.333333333333336	0	4.966636864156183	64.33679299758452
2	42.5	0	3.758356788173855	134.2306440178437
2	42.666666666666664	0	4.5363820579246825	119.95872118950939
2	42.833333333333336	0	3.7881187832704737	58.90678641395806
2	43.0	0	4.463705278220755	89.97068193033995
2	43.166666666666664	0	3.6746961862703698	143.12471592380012
2	43.333333333333336	0	3.43765433081127	240.58360971209373
2	43.5	0	3.3232820503931744	68.09777098828498
2	43.666666666666664	0	4.097288284344523	187.4744638531477
2	43.833333333333336	0	4.96711753364033	55.08555410716378
2	44.0	0	4.310607488620862	118.13346961492005
2	44.166666666666664	0	3.5964815965388217	178.65121530318672
2	44.333333333333336	0	4.356462196735395	158.087423974215
2	44.5	0	3.6850993229368942	141.97415848562565
2	44.666666666666664	0	3.8827928426974343	129.3206445378243
2	44.833333333333336	0	3.9828285077055723	115.37168521183037
2	45.0	0	3.383693173609619	175.19156745398294
2	45.166666666666664	0	4.4188756894326	230.78474500277116
2	45.333333333333336	0	3.119430724799744	133.36977557852873
2	45.5	0	3.747681539941162	197.83444699075284
2	45.666666666666664	0	3.897698259115897	126.79454798871063
2	45.833333333333336	0	3.470008757293575	61.157602287892644
2	46.0	0	4.941010162140671	212.38282583931232
2	46.166666666666664	0	4.774653539885832	154.0811491300003
2	46.333333333333336	0	4.184299810585674	78.19085471141467
2	46.5	0	4.771594628103796	220.2967294617258
2	46.666666666666664	0	3.778413200849463	111.96046487409495
2	46.833333333333336	0	4.125282846099152	73.048490508452
2	47.0	0	4.319335198415795	77.45744884161552
2	47.166666666666664	0	4.347165794877872	240.44851078081948
2	47.333333333333336	0	3.3796260967139053	129.73604358293466
2	47.5	0	3.4694322793205763	205.88597306725836
2	47.666666666666664	0	3.287685133654037	176.4401406080644
2	47.833333333333336	0	3.597352265611933	94.09767461760951
2	48.0	0	3.7821001955564193	249.47839978669245
2	48.166666666666664	0	4.9254780690432485	176.31911202074704
2	48.333333333333336	0	3.1624822274716453	189.88691128694742
2	48.5	0	4.203363956093671	172.03680289971805
2	48.666666666666664	0	4.864823932339554	168.41979506432185
2	48.833333333333336	0	3.349351339452042	210.21429857527406
2	49.0	0	3.008562943878286	165.38448131055293
2	49.166666666666664	0	3.936357097957134	79.46559529218248
2	49.333333333333336	0	4.394170276372182	115.46516795124178
2	49.5	0	3.6114946958204523	244.50155557503953
2	49.666666666666664	0	3.6742253694274067	186.7543516406412
2	49.833333333333336	0	3.1617464021394355	235.2761914990382
2	50.0	0	4.977580261950297	207.93901451206239
2	50.166666666666664	0	3.900796489713849	225.61148088312464
2	50.333333333333336	0	3.135354724471048	183.5645552865089
2	50.5	0	4.327526751905104	109.68078129993265
2	50.666666666666664	0	4.839146440065417	144.5260828762383
2	50.833333333333336	0	4.594564573936804	157.58256676270545
2	51.0	0	4.555979829473634	69.41338043465824
2	51.166666666666664	0	3.2256655844499704	185.33772672204145
2	51.333333333333336	0	3.831157978299261	82.0621942400357
2	51.5	0	4.733603392170696	109.99521837890649
2	51.666666666666664	0	3.729322853275134	181.64133932296673
2	51.833333333333336	0	3.3156293031166038	177.13249897865362
2	52.0	0	4.59567021635756	193.83139331466427
2	52.166666666666664	0	4.641455394675447	245.88864031474003
2	52.333333333333336	0	3.0634043498190713	245.12757131057666
2	52.5	0	4.899105877611026	95.76962328225773
2	52.666666666666664	0	3.2901612239255624	57.02570943152245
2	52.833333333333336	0	3.7268704908911516	179.81692167217486
2	53.0	0	3.775266670194995	132.8270153711618
2	53.166666666666664	0	3.4349865719213644	190.33192969314828
2	53.333333333333336	0	4.7913378553737	67.02375363614868
2	53.5	0	3.0085651710633723	226.20050802328947
2	53.666666666666664	0	4.457878158842234	145.70450618811958
2	53.833333333333336	0	3.7836683165782095	54.9633224828935
2	54.0	0	3.7911532966529977	126.14441659054958
2	54.166666666666664	0	4.40133451598954	148.1293386284899
2	54.333333333333336	0	4.6837803713983694	184.72213056946273
2	54.5	0	3.6697406037305234	234.83134978240614
2	54.666666666666664	0	3.6990995674841836	104.53193582886549
2	54.833333333333336	0	3.302578861120698	66.7739102024368
2	55.0	0	4.809540797545049	237.53604157432503
2	55.166666666666664	0	4.152117989543188	116.52579940500414
2	55.333333333333336	0	3.764836571848736	220.82851522965754
2	55.5	0	3.5183083788194986	241.5604547475782
2	55.666666666666664	0	3.6450741757007616	52.558994053165954
2	55.833333333333336	0	3.3906819780818886	138.04958324269288
2	56.0	0	3.3352206681474903	140.29082932476996
2	56.166666666666664	0	4.067687568526121	81.26659257371344
2	56.333333333333336	0	4.15189397394237	123.04485710811845
2	56.5	0	4.498493773522798	203.55814655686868
2	56.666666666666664	0	4.659795261005878	238.0066176597933
2	56.833333333333336	0	3.905181890452882	196.19358692872316
2	57.0	0	3.834357466731724	153.85134184358864
2	57.166666666666664	0	4.768641093707457	238.0036779727205
2	57.333333333333336	0	4.158805655934533	124.86761986969623
2	57.5	0	3.099370335599727	151.571550928078
2	57.666666666666664	0	4.987966175544252	233.5372252455272
2	57.833333333333336	0	4.064780964014004	66.84035798864548
2	58.0	0	4.567800812934779	183.95511777941203
2	58.166666666666664	0	3.5074845434847983	232.3537794018612
2	58.333333333333336	0	4.46878455163288	184.45025342518448
2	58.5	0	4.664441729268609	55.94686071519435
2	58.666666666666664	0	4.872884612786759	114.99430390050895
2	58.833333333333336	0	4.484738513701994	179.5565280347107
2	59.0	0	3.148039637599655	213.46206020006508
2	59.166666666666664	0	3.344145919546228	196.9224286112493
2	59.333333333333336	0	3.450679137999283	134.53377690640158
2	59.5	0	3.6675109681123805	108.30042880869385
2	59.666666666666664	0	3.7159631107934836	236.0062916984751
2	59.833333333333336	0	4.995417133078718	172.91270959997578
3	0.0	0	4.327062090420826	129.50637004618713
3	0.16666666666666666	0	3.3694422193106504	67.7098000495268
3	0.3333333333333333	0	3.998940009828256	96.07619100399094
3	0.5	0	3.5607333618809553	190.12163609911582
3	0.6666666666666666	0	4.968741279624424	111.82756986619637
3	0.8333333333333334	0	3.6295091369930987	152.82616078555753
3	1.0	0	3.454024787280567	154.8379303837906
3	1.1666666666666667	0	4.578488686516655	210.16559942315757
3	1.3333333333333333	0	4.521728557385658	171.68779527433622
3	1.5	0	3.45113975494393	128.69212576353817
3	1.6666666666666667	0	3.0048884385183356	170.5158959433444
3	1.8333333333333333	0	4.126026585178362	68.42613203672323
3	2.0	0	3.910775700232775	177.19477494480418
3	2.1666666666666665	0	4.271430678132688	176.76195357770237
3	2.3333333333333335	0	4.883258705725202	242.20619884036134
3	2.5	0	3.449807007020749	213.55740327077405
3	2.6666666666666665	0	3.7138344216730554	118.0222618058131
3	2.8333333333333335	0	4.199529354180266	223.79503899511428
3	3.0	0	3.6399159596825905	240.27468197548083
3	3.1666666666666665	0	3.071769486346213	53.30473353039436
3	3.3333333333333335	0	4.22560368662673	240.7213389991838
3	3.5	0	4.063243966354936	163.38852209602572
3	3.6666666666666665	0	3.989307130903347	195.99559943505793
3	3.8333333333333335	0	4.660955445959702	141.7904132342434
3	4.0	0	4.624226196748164	173.35061416897295
3	4.166666666666667	0	4.8029433550825615	130.30533958487814
3	4.333333333333333	0	3.6518405758009083	173.087328500616
3	4.5	0	3.4594514745534477	93.42300916269512
3	4.666666666666667	0	4.655196906241229	87.08144768951622
3	4.833333333333333	0	4.251809501615019	237.75393112382136
3	5.0	0	3.8579238173542296	193.80125126717894
3	5.166666666666667	0	4.551716473118793	158.5865383320707
3	5.333333333333333	0	4.746545779575293	192.43459960690612
3	5.5	0	3.8415049659398184	237.77584110776684
3	5.666666666666667	0	4.677807031051269	242.22015823447646
3	5.833333333333333	0	4.766355066193391	246.26558031327443
3	6.0	0	4.969357695412222	117.80439173045227
3	6.166666666666667	0	4.272317946685416	214.8974898276087
3	6.333333333333333	0	4.841294796716541	217.42232432428003
3	6.5	0	4.4993999494235695	228.7627543058377
3	6.666666666666667	0	3.757691574040382	167.9268158417425
3	6.833333333333333	0	3.6868474594133334	73.20237083190725
3	7.0	0	4.211388525069546	159.1675873361205
3	7.166666666666667	0	4.248165405337337	213.66468105951358
3	7.333333333333333	0	3.8019615581202286	109.94765018518311
3	7.5	0	4.386290749708592	226.97986945751353
3	7.666666666666667	0	3.5759217368928757	118.76166125103231
3	7.833333333333333	0	3.144734554499716	118.2127710178083
3	8.0	0	3.0298425773572024	184.7469630535713
3	8.166666666666666	0	4.628396048407219	155.10702937488844
3	8.333333333333334	0	4.921251512627628	97.75488177523988
3	8.5	0	3.2781429464749023	131.23499006802976
3	8.666666666666666	0	3.0887626053658916	91.17623401570023
3	8.833333333333334	0	4.546142830075798	129.31946956917403
3	9.0	0	3.8520676197226926	127.13171935144412
3	9.166666666666666	0	4.0943211024704125	97.79498748560783
3	9.333333333333334	0	4.244044729102713	140.86428235480264
3	9.5	0	3.7262119221225944	76.52769068592069
3	9.666666666666666	0	4.321382650456691	209.64722275695365
3	9.833333333333334	0	3.6628580925470926	111.71467636250517
3	10.0	0	4.106760877195075	231.24830628052266
3	10.166666666666666	0	4.486308355812141	185.33507002007516
3	10.333333333333334	0	4.334765139495131	97.96671808550532
3	10.5	0	4.099648982787553	51.12668239991163
3	10.666666666666666	0	4.10535992521293	134.48628953844798
3	10.833333333333334	0	3.3903991426500335	116.9137498044619
3	11.0	0	3.7928784425586	131.26496348492216
3	11.166666666666666	0	4.9344886674405855	242.21273198353194
3	11.333333333333334	0	4.115132873576859	249.90698808280814
3	11.5	0	4.040928614090086	130.39468976415736
3	11.666666666666666	0	4.136387539179641	202.9410322933893
3	11.833333333333334	0	4.712674459498127	86.28443863502676
3	12.0	0	4.1595773840149235	217.65375492648724
3	12.166666666666666	0	4.687073850757295	82.92813180635636
3	12.333333333333334	0	3.957297032662473	182.1051741203274
3	12.5	0	3.619679790809558	135.3625185247821
3	12.666666666666666	0	4.59772405733805	241.1784918298795
3	12.833333333333334	0	4.6881024964120614	114.57071651969213
3	13.0	0	3.2407817502639595	161.49387138034797
3	13.166666666666666	0	4.417961976335174	151.41085390643127
3	13.333333333333334	0	4.711487528207712	216.24191590727747
3	13.5	0	4.370895914982795	78.15553064504746
3	13.666666666666666	0	3.4015732018088416	154.46942278265675
3	13.833333333333334	0	3.484966110521574	134.38159162049712
3	14.0	0	4.107103999706465	214.07644620359937
3	14.166666666666666	0	3.3206994643517023	224.3012879389155
3	14.333333333333334	0	4.778964357740078	113.76018038730635
3	14.5	0	4.241387737476408	154.22747052004542
3	14.666666666666666	0	3.8447184871001863	116.36793557304821
3	14.833333333333334	0	4.644163307156881	101.71693004192859
3	15.0	0	3.75449491703253	194.5978179242635
3	15.166666666666666	0	3.7587568546635395	72.03776017092787
3	15.333333333333334	0	4.7101840939571655	249.7124918177477
3	15.5	0	3.243735159766503	82.95791384860624
3	15.666666666666666	0	4.156379838895246	234.90779125936342
3	15.833333333333334	0	3.835405757685627	85.45394358474474
3	16.0	0	4.543135084995602	117.20465067085128
3	16.166666666666668	0	4.64246871261258	175.79034533107114
3	16.333333333333332	0	4.114743293789392	75.20927780603346
3	16.5	0	4.329883062357768	83.52141755862965
3	16.666666666666668	0	3.035397762655868	174.81313713158875
3	16.833333333333332	0	3.3983091677435757	230.3193529726539
3	17.0	0	4.03172129942542	190.880837723244
3	17.166666666666668	0	3.0408765457496436	246.13352368403636
3	17.333333333333332	0	4.913800002798279	50.20051200941666
3	17.5	0	4.64691889662648	102.0378086100715
3	17.666666666666668	0	3.8304943777026583	159.44805836659646
3	17.833333333333332	0	4.92270745532419	173.22408078061787
3	18.0	0	4.921443113796009	51.64285226788679
3	18.166666666666668	0	4.812105751842358	180.95174562673287
3	18.333333333333332	0	4.147313930388574	135.54940546149533
3	18.5	0	3.9254582274956835	78.86471244586816
3	18.666666666666668	0	4.511498021813308	64.7058350410885
3	18.833333333333332	0	4.022916335351411	146.93866127201028
3	19.0	0	4.630583863215997	156.23656481705655
3	19.166666666666668	0	3.2487969054851806	235.42321647253942
3	19.333333333333332	0	4.667588150137629	184.33339626502087
3	19.5	0	3.2764567420704234	61.494991954269835
3	19.666666666666668	0	3.0110606942595632	149.26546675726075
3	19.833333333333332	0	4.298560033883417	102.93921170997564
3	20.0	0	3.764822232152208	80.00524587989958
3	20.166666666666668	0	3.8855034837699565	156.02901831795677
3	20.333333333333332	0	3.107234048798688	167.03435308392528
3	20.5	0	3.135157096281702	228.87331359172435
3	20.666666666666668	0	3.8855383976375903	141.61944779865723
3	20.833333333333332	0	3.24996691831909	126.85536825312347
3	21.0	0	4.429950553010912	218.82499977184986
3	21.166666666666668	0	3.702858556502984	53.38611413870269
3	21.333333333333332	0	3.503823084913013	103.75641067263561
3	21.5	0	3.491269546558353	197.04753110988858
3	21.666666666666668	0	4.5503433416273165	124.00343881943172
3	21.833333333333332	0	3.6290301674622505	205.3031804073759
3	22.0	0	4.952866967872328	95.98041271310896
3	22.166666666666668	0	3.988702172380899	55.304412685415414
3	22.333333333333332	0	3.895129491539276	58.836419114975904
3	22.5	0	4.882376308543021	123.92234868234138
3	22.666666666666668	0	3.589219736791856	116.8350170304507
3	22.833333333333332	0	3.3568196773549657	231.98740237042742
3	23.0	0	3.133338505459073	119.57980818096475
3	23.166666666666668	0	4.079254315164533	91.81953285312434
3	23.333333333333332	0	4.068007486586767	179.18855290364598
3	23.5	0	4.902939837601342	122.48404609784156
3	23.666666666666668	0	3.8185336062806816	74.4952387315056
3	23.833333333333332	0	3.7271228147460986	213.80935556701655
3	24.0	0	3.643174000050408	224.58597622859543
3	24.166666666666668	0	4.103806710741466	118.05462809741618
3	24.333333333333332	0	3.4505889811444077	127.45121829649824
3	24.5	0	4.194186315865318	127.21677738439713
3	24.666666666666668	0	4.906809158212545	154.2633039294218
3	24.833333333333332	0	3.140481886519428	154.3179503042055
3	25.0	0	4.621084989171429	165.76496561460542
3	25.166666666666668	0	4.694298304857382	78.6160399789473
3	25.333333333333332	0	4.881626793531058	174.4809072690187
3	25.5	0	4.030525501442527	237.53248874507972
3	25.666666666666668	0	4.406384158947544	214.9412203607745
3	25.833333333333332	0	4.076186273843904	52.19310904001067
3	26.0	0	3.8806543686868644	103.83189311572454
3	26.166666666666668	0	4.39653014713089	158.82921128075458
3	26.333333333333332	0	4.672450153634933	72.96426755865198
3	26.5	0	4.70605972744445	84.88794931078876
3	26.666666666666668	0	4.048197079818673	140.18185065177875
3	26.833333333333332	0	4.410069438610347	56.552320964207524
3	27.0	0	4.455472693704029	146.79944559538043
3	27.166666666666668	0	3.2326651435021625	153.47279506788124
3	27.333333333333332	0	3.9961389010777975	234.89617022870286
3	27.5	0	3.9501245063495163	136.86416319932565
3	27.666666666666668	0	4.0823605108561685	163.76037769900339
3	27.833333333333332	0	4.523849367210337	68.72272314388637
3	28.0	0	4.449643154438476	72.0112401674699
3	28.166666666666668	0	3.5150500441648527	112.7705088065974
3	28.333333333333332	0	3.195164741983823	80.39814662213631
3	28.5	0	3.56369441559354	61.83476183402918
3	28.666666666666668	0	4.316314689510231	100.00571181732616
3	28.833333333333332	0	4.92714334070738	171.72254505700934
3	29.0	0	3.343496013930828	161.56874924967644
3	29.166666666666668	0	4.599286021096308	198.25178169377173
3	29.333333333333332	0	3.0928867788283814	113.82813420078142
3	29.5	0	4.368878299183894	131.95173760712788
3	29.666666666666668	0	4.3089964805099985	52.334965937590795
3	29.833333333333332	0	3.3261786081109648	204.0474060387212
3	30.0	0	4.023494858072711	134.83716494990915
3	30.166666666666668	0	4.789866487218356	97.69387006455295
3	30.333333333333332	0	3.8259307628951125	115.35897981043964
3	30.5	0	4.401618688470889	140.02825122878377
3	30.666666666666668	0	4.923599456731187	186.31066333182017
3	30.833333333333332	0	3.2236091437560805	173.45849415218174
3	31.0	0	4.861957039943502	156.4419717217572
3	31.166666666666668	0	3.0745900402930078	208.7096466310285
3	31.333333333333332	0	4.083621506641184	212.17983481554913
3	31.5	0	3.0531006798991216	247.50003908594016
3	31.666666666666668	0	3.12314139020004	110.8669411683286
3	31.833333333333332	0	4.2217423730738055	229.32117861587992
3	32.0	0	3.1663514947565767	236.64477321135232
3	32.166666666666664	0	3.764348151918458	104.64682058500132
3	32.333333333333336	0	3.9472781371560393	113.20096247120748
3	32.5	0	4.578266292079649	165.99824573400713
3	32.666666666666664	0	3.5121959008929298	112.3275474829141
3	32.833333333333336	0	3.2268676158604	178.6442324018189
3	33.0	0	4.249577794496585	223.21321443136392
3	33.166666666666664	0	4.452777114301902	144.31593813608885
3	33.333333333333336	0	4.766323146758339	54.61918969427371
3	33.5	0	4.040220813812685	104.16832055785979
3	33.666666666666664	0	3.684786212275988	130.5649614803693
3	33.833333333333336	0	3.715269976488619	241.3213821892229
3	34.0	0	3.2417710218072027	209.87672970185335
3	34.166666666666664	0	3.985654427451051	78.66603658340915
3	34.333333333333336	0	3.689796535656046	210.92774257762045
3	34.5	0	3.3472087428197796	184.22095722947535
3	34.666666666666664	0	3.9325789000092612	155.12662560281865
3	34.833333333333336	0	3.1219041717399967	94.17839825953811
3	35.0	0	3.570816846989919	156.18604273205784
3	35.166666666666664	0	4.342811137836714	142.8784553688794
3	35.333333333333336	0	4.591006817379283	76.93076088212689
3	35.5	0	4.56422666476312	149.3028079670076
3	35.666666666666664	0	3.299156429089625	51.380716810925286
3	35.833333333333336	0	4.25059274630313	51.280622588818446
3	36.0	0	4.782903755784281	227.07127829333902
3	36.166666666666664	0	4.485721152841629	201.45077651170845
3	36.333333333333336	0	3.1796918962334084	221.0493317350492
3	36.5	0	4.144232171497929	143.12615054798727
3	36.666666666666664	0	3.3352879926351697	102.71056297658288
3	36.833333333333336	0	3.3800038332013305	69.55731594245596
3	37.0	0	3.0560771589311084	217.61976973887445
3	37.166666666666664	0	3.3118202171346542	236.69449922233662
3	37.333333333333336	0	4.090201996090206	248.68252116910563
3	37.5	0	3.124297255678032	147.3982387999265
3	37.666666666666664	0	4.216758930939775	174.51329604763774
3	37.833333333333336	0	3.452555071483352	154.15075242553016
3	38.0	0	4.3789039356155675	229.57147148215057
3	38.166666666666664	0	4.88199720299497	237.67160794104453
3	38.333333333333336	0	3.665859881902507	196.61335169353003
3	38.5	0	4.669946522802491	110.44274476628759
3	38.666666666666664	0	3.1304588388733796	169.23489791760937
3	38.833333333333336	0	3.3837797248172903	66.99962653167205
3	39.0	0	4.922993364375785	110.75630015520173
3	39.166666666666664	0	4.050591378371799	156.94672616613622
3	39.333333333333336	0	4.028791598893018	105.42628474063665
3	39.5	0	3.626310501599762	92.0071452966832
3	39.666666666666664	0	4.01607049241492	148.9004138744363
3	39.833333333333336	0	4.117582505286052	215.01781590498965
3	40.0	0	3.6322642813506762	57.17431963458115
3	40.166666666666664	0	4.527619526357158	56.63311387317931
3	40.333333333333336	0	3.8311631875585115	186.62935168608902
3	40.5	0	4.947614514666862	84.60149890703062
3	40.666666666666664	0	4.869840546860653	152.57465694221398
3	40.833333333333336	0	4.578202907844444	210.8311727274365
3	41.0	0	4.483485504201136	209.64630145640612
3	41.166666666666664	0	4.240847896504902	63.06239388257539
3	41.333333333333336	0	4.8278994443882555	214.65056765274352
3	41.5	0	3.0269153048168382	150.815675228438
3	41.666666666666664	0	3.873555553794132	130.91516562569188
3	41.833333333333336	0	4.1325946714930915	59.386562429673795
3	42.0	0	4.241760809542481	52.9386634682492
3	42.166666666666664	0	4.6407142733162585	91.00934676939679
3	42.333333333333336	0	3.0926003845671968	131.104911796375
3	42.5	0	4.035887650185232	138.9135931814704
3	42.666666666666664	0	4.605985641445462	158.45597839565596
3	42.833333333333336	0	4.5773202601716445	227.84887202023566
3	43.0	0	3.841266836565226	144.99343477000247
3	43.166666666666664	0	3.3039961423232183	83.75475245482289
3	43.333333333333336	0	3.3175128127683253	149.70465033217823
3	43.5	0	4.409853479956159	105.60462167277987
3	43.666666666666664	0	3.5257002965594424	166.48711326897399
3	43.833333333333336	0	4.001950340777754	204.05338035190726
3	44.0	0	3.765695710147882	167.37044287698805
3	44.166666666666664	0	4.842511393687615	144.370823172674
3	44.333333333333336	0	4.195054327923759	94.91236155294507
3	44.5	0	4.576137178242211	85.24384314181444
3	44.666666666666664	0	3.783300263881907	65.3713543073841
3	44.833333333333336	0	3.156348577858098	140.38235550733947
3	45.0	0	3.984493353355166	95.23539045815039
3	45.166666666666664	0	3.7110295383978564	206.46527302793277
3	45.333333333333336	0	4.372527979018598	95.91260908651248
3	45.5	0	3.92422125666649	198.81448297479773
3	45.666666666666664	0	4.227750963197731	94.86644379690487
3	45.833333333333336	0	4.162112409451643	215.2863360926635
3	46.0	0	3.1201252330228746	236.20421476592364
3	46.166666666666664	0	4.033960059278041	209.22171545325548
3	46.333333333333336	0	3.9033065487896472	89.7047648786691
3	46.5	0	4.854067161410192	93.89728485723708
3	46.666666666666664	0	3.215642616047882	154.49736623897087
3	46.833333333333336	0	3.558832097792961	223.77212648755514
3	47.0	0	3.5782423418545974	182.08051587656925
3	47.166666666666664	0	4.033277609496969	101.92554667899091
3	47.333333333333336	0	3.486905742907136	63.09598600657878
3	47.5	0	4.514356181067942	148.43328541994754
3	47.666666666666664	0	3.5138439616882198	123.24994503389368
3	47.833333333333336	0	4.763719685826242	231.03110591399226
3	48.0	0	3.366760672025728	155.99955277128532
3	48.166666666666664	0	4.0405326624039	207.26611849001307
3	48.333333333333336	0	3.0970062382365606	183.10001102341047
3	48.5	0	4.555297234351372	156.43790275516025
3	48.666666666666664	0	3.2051561800299107	178.83358301700787
3	48.833333333333336	0	3.048551006086959	89.98294304803991
3	49.0	0	3.261507546927751	219.71873114182245
3	49.166666666666664	0	3.4136868985904556	120.5575409464422
3	49.333333333333336	0	4.8406254759105085	128.7239372619462
3	49.5	0	3.8710374201621787	142.9258869886719
3	49.666666666666664	0	4.063214646871207	71.48751480626805
3	49.833333333333336	0	3.1007540658039265	233.86151387215267
3	50.0	0	3.845229797134572	131.7711860019706
3	50.166666666666664	0	4.954904880467798	213.62199268343255
3	50.333333333333336	0	4.073280557931019	244.35169390088802
3	50.5	0	4.8946027626212825	128.15821290982404
3	50.666666666666664	0	3.3570264567395602	195.78142607897746
3	50.833333333333336	0	3.1358683552455036	209.0712041078922
3	51.0	0	4.75339840706098	116.92554571303712
3	51.166666666666664	0	3.638321689308996	147.43098864043841
3	51.333333333333336	0	3.914123828487948	185.9095634444913
3	51.5	0	4.533687421244046	77.92354389266494
3	51.666666666666664	0	3.477173138657994	136.0880483193669
3	51.833333333333336	0	4.366489183368655	111.39348261078952
3	52.0	0	4.204385675203774	220.8715558710076
3	52.166666666666664	0	3.607199125335195	176.70167154342207
3	52.333333333333336	0	3.361674183234075	125.72557624450813
3	52.5	0	4.298499374163159	136.91849875172852
3	52.666666666666664	0	4.144847381874835	137.3816837354189
3	52.833333333333336	0	4.408203029239617	230.22513104922513
3	53.0	0	4.573230874855564	81.27784330780395
3	53.166666666666664	0	3.487772125544957	52.49665449878387
3	53.333333333333336	0	4.204906751961779	120.47119192529219
3	53.5	0	4.573261783119986	146.3924806144811
3	53.666666666666664	0	4.271534054376477	72.74332283256408
3	53.833333333333336	0	3.915909400713172	190.88108816949048
3	54.0	0	3.38735143675948	247.34455129638897
3	54.166666666666664	0	3.0924788229121978	195.47760230300952
3	54.333333333333336	0	4.85610533599022	128.80035825597588
3	54.5	0	3.320860184337591	195.07440750962093
3	54.666666666666664	0	4.781286207594914	142.4295173293068
3	54.833333333333336	0	3.394316224227623	114.09640966149934
3	55.0	0	4.679197518830074	224.70028521122578
3	55.166666666666664	0	4.548156938903089	122.81424089927341
3	55.333333333333336	0	4.101021559561639	191.27732531071834
3	55.5	0	3.785515216668101	144.00023173933434
3	55.666666666666664	0	3.889187576439201	146.58875576822493
3	55.833333333333336	0	3.714285685608968	184.71349119439034
3	56.0	0	3.124987467522697	210.96923097952347
3	56.166666666666664	0	3.7851815718227284	65.85207518078833
3	56.333333333333336	0	4.568526108171923	54.91152778996435
3	56.5	0	4.971252433457053	101.21169690802942
3	56.666666666666664	0	4.448733201936759	124.6856361256119
3	56.833333333333336	0	3.392098741317195	138.14209794086574
3	57.0	0	4.8303039551901366	219.5610009879761
3	57.166666666666664	0	4.161408359787395	113.49364988079336
3	57.333333333333336	0	4.466077278559071	238.0940483146864
3	57.5	0	4.824330734667296	101.39844116649155
3	57.666666666666664	0	3.037500416459568	249.41969855893302
3	57.833333333333336	0	4.151596361587311	133.5315236430119
3	58.0	0	3.992469090321961	165.21218426230146
3	58.166666666666664	0	4.770177807022457	57.84973342281716
3	58.333333333333336	0	4.808974139938761	188.95700429807005
3	58.5	0	3.135681306326795	168.4068359616683
3	58.666666666666664	0	4.444624641417551	101.40238407418163
3	58.833333333333336	0	3.6895469614520877	86.69555238714506
3	59.0	0	3.9762596193482365	104.53532873948508
3	59.166666666666664	0	3.694526705954158	204.06840887758034
3	59.333333333333336	0	3.9904997051256395	191.1536205439998
3	59.5	0	3.2048003507617295	105.14097490595637
3	59.666666666666664	0	3.1552322343578436	233.08204551144098
3	59.833333333333336	0	4.902479889485199	183.68263035431914
4	0.0	0	4.583662125054815	188.30737354369225
4	0.16666666666666666	0	3.1201431811604845	135.35157355323378
4	0.3333333333333333	0	4.096703557585704	215.7833610259145
4	0.5	0	4.269428829953427	165.73224491936855
4	0.6666666666666666	0	3.296125910787498	56.383595582961554
4	0.8333333333333334	0	4.108614664702687	187.48509042334413
4	1.0	0	4.480010030159534	189.45643037830666
4	1.1666666666666667	0	4.807492567044202	197.01993718587275
4	1.3333333333333333	0	3.863709994986416	206.6630341026964
4	1.5	0	4.605743667528774	218.95598983448033
4	1.6666666666666667	0	4.313657280576702	158.25593175039265
4	1.8333333333333333	0	3.0114078000350064	85.73293414535962
4	2.0	0	4.857983841017171	121.68213210861083
4	2.1666666666666665	0	4.948932138892327	80.08918177068828
4	2.3333333333333335	0	3.607082577666223	118.37138388021967
4	2.5	0	4.041674620544864	109.72492141222563
4	2.6666666666666665	0	3.398862395615408	161.79678612087673
4	2.8333333333333335	0	4.301628310724958	206.31915797161327
4	3.0	0	3.4775980351157156	58.37140548098532
4	3.1666666666666665	0	4.899523140151226	145.17146205746636
4	3.3333333333333335	0	3.8219129779845797	202.4712173187234
4	3.5	0	4.401352797429478	67.09078928462387
4	3.6666666666666665	0	3.356576775244496	207.8512235243471
4	3.8333333333333335	0	4.882764295301742	150.75521470255524
4	4.0	0	3.214436584951658	199.94814991915894
4	4.166666666666667	0	4.670639362135617	231.61802767856474
4	4.333333333333333	0	3.4589449824102134	157.0396486417049
4	4.5	0	3.111586450468785	192.53719762548275
4	4.666666666666667	0	4.234386069456344	232.9566405856379
4	4.833333333333333	0	3.7299534344052447	161.65677494484066
4	5.0	0	4.180041979224368	120.02176346414655
4	5.166666666666667	0	3.4133613650961996	244.6703255144016
4	5.333333333333333	0	4.126183955123171	218.11371267269536
4	5.5	0	4.851650637359676	91.44815105427057
4	5.666666666666667	0	4.583911062249056	64.23358834819743
4	5.833333333333333	0	3.355520981373387	51.11147307147015
4	6.0	0	3.3475018226514304	146.67610482970127
4	6.166666666666667	0	3.3940378578730632	204.98844654715592
4	6.333333333333333	0	4.647083394263035	78.88497179818077
4	6.5	0	4.715568255659464	183.4883502168682
4	6.666666666666667	0	3.7210643734990123	140.2983637656764
4	6.833333333333333	0	4.754599311519523	170.7819397709377
4	7.0	0	4.421917645065979	204.9669566212845
4	7.166666666666667	0	3.1772841909472103	80.27738498104975
4	7.333333333333333	0	4.525540210903227	73.4535504651891
4	7.5	0	3.8814501210168775	144.23293635857658
4	7.666666666666667	0	3.783557782217138	199.49987359648955
4	7.833333333333333	0	3.5421936822419244	102.44890926601855
4	8.0	0	3.4395823096042313	160.17275836483591
4	8.166666666666666	0	3.882080113174371	197.83315960796602
4	8.333333333333334	0	4.924571569566825	156.6783674998557
4	8.5	0	3.2453526153669525	90.73586889566548
4	8.666666666666666	0	3.7530800504013735	152.75977089485355
4	8.833333333333334	0	3.768449861348926	189.30084170493237
4	9.0	0	4.26133192165721	158.56971902602916
4	9.166666666666666	0	3.464518756565219	159.68232780397972
4	9.333333333333334	0	3.759685954820844	50.137034543623415
4	9.5	0	3.8775020807486626	127.82769362396368
4	9.666666666666666	0	4.916204610623991	178.02156463045503
4	9.833333333333334	0	3.61176909692594	113.62800417244986
4	10.0	0	4.744679189740033	63.4792495176425
4	10.166666666666666	0	4.006150299280106	148.59007533701507
4	10.333333333333334	0	3.43960329648368	106.43539124320492
4	10.5	0	3.496625578058233	119.78508899395759
4	10.666666666666666	0	4.482228515311007	236.79078842739227
4	10.833333333333334	0	3.7998077771673655	55.68052777325509
4	11.0	0	4.9359757797694535	229.06196897366294
4	11.166666666666666	0	3.9497527124069993	123.56359530529248
4	11.333333333333334	0	3.6561171483598356	170.0832465617956
4	11.5	0	3.433518761952465	243.6160105118426
4	11.666666666666666	0	3.2577832967664695	120.47504660291631
4	11.833333333333334	0	3.1962883242782056	141.3015079371006
4	12.0	0	3.1179921400983814	142.8092969287905
4	12.166666666666666	0	3.1247550372039736	57.57901410117914
4	12.333333333333334	0	3.4315354897108943	182.87946553251382
4	12.5	0	4.767871148486369	215.55596265188572
4	12.666666666666666	0	4.397200427400913	185.20917001598795
4	12.833333333333334	0	4.5169397174326456	102.54785671405564
4	13.0	0	3.979943334139567	99.91004827887575
4	13.166666666666666	0	3.242426915022726	68.1116872659725
4	13.333333333333334	0	4.376274499208838	95.22598360300636
4	13.5	0	3.472761292244701	61.47237128504173
4	13.666666666666666	0	3.304252968678904	128.5774276128326
4	13.833333333333334	0	4.600775688081401	135.86302154290215
4	14.0	0	3.5461300310310317	248.64614274167073
4	14.166666666666666	0	4.316340125551213	232.65127942849082
4	14.333333333333334	0	4.790822724361141	202.01711133881417
4	14.5	0	4.489123145824506	124.72569033964088
4	14.666666666666666	0	3.7550375499345314	100.12113209321629
4	14.833333333333334	0	4.063310129742154	246.4674389120002
4	15.0	0	3.806005568599616	65.69800990792842
4	15.166666666666666	0	4.176498226496784	66.73460059947163
4	15.333333333333334	0	3.865431660184818	122.72686560438825
4	15.5	0	3.677877626928481	71.63728929590532
4	15.666666666666666	0	4.243399901661128	119.74670844840549
4	15.833333333333334	0	4.496199246125432	115.48399015491053
4	16.0	0	4.23261901276195	183.71688739937142
4	16.166666666666668	0	3.8959206685037717	71.13067506306678
4	16.333333333333332	0	4.78753096547055	90.04367315474363
4	16.5	0	4.560311554165658	165.06600074907402
4	16.666666666666668	0	3.419448534010586	204.1257065886145
4	16.833333333333332	0	3.653190750622988	117.9173514780203
4	17.0	0	3.5580254300566985	100.74772875332948
4	17.166666666666668	0	4.536358966438043	227.66415970103057
4	17.333333333333332	0	3.0610062440395946	199.8784391720774
4	17.5	0	3.6576793474836857	230.69639869334696
4	17.666666666666668	0	4.298341640992073	170.9049686736626
4	17.833333333333332	0	4.2751514009683484	154.95779642996396
4	18.0	0	3.293396436693424	52.0630561292436
4	18.166666666666668	0	4.145212257989703	239.764779306877
4	18.333333333333332	0	3.7731179590249995	207.7984033505179
4	18.5	0	4.0788912988025405	138.4938112084559
4	18.666666666666668	0	3.6606728183096315	204.02150475074126
4	18.833333333333332	0	4.357333904560573	243.18131704164847
4	19.0	0	4.538201839169566	219.69458130186624
4	19.166666666666668	0	4.398601419320438	74.18192815795955
4	19.333333333333332	0	4.91398136218357	132.91589948590303
4	19.5	0	3.7805442369399804	63.382348143511535
4	19.666666666666668	0	3.7474223337716395	120.6434302933585
4	19.833333333333332	0	3.7499364580103194	126.06977684108254
4	20.0	0	3.6169773881698855	93.4260717128501
4	20.166666666666668	0	3.6859504542723407	164.4052561130739
4	20.333333333333332	0	3.1601674300199605	149.98758750686306
4	20.5	0	4.636440673896522	74.55398661781452
4	20.666666666666668	0	3.9715798313358714	81.23469705717217
4	20.833333333333332	0	4.008396481422852	139.87618458024582
4	21.0	0	4.013830679658782	179.2374168500309
4	21.166666666666668	0	3.7693146749369735	84.18355914416338
4	21.333333333333332	0	3.778124896171943	213.956329898924
4	21.5	0	3.104132457513593	131.91816427005463
4	21.666666666666668	0	4.925187532993261	228.96802851797787
4	21.833333333333332	0	3.372753205855954	176.21180301811597
4	22.0	0	3.943981389722026	177.16644895506897
4	22.166666666666668	0	4.426086680912714	191.13588479299358
4	22.333333333333332	0	3.4847654922173628	168.39451235510313
4	22.5	0	4.863917042025561	141.05301995546498
4	22.666666666666668	0	3.4546908093076443	233.18692851370983
4	22.833333333333332	0	4.655802581573656	237.83337850101347
4	23.0	0	4.708269405126302	220.2816539345338
4	23.166666666666668	0	4.696600729553043	75.80025183239123
4	23.333333333333332	0	4.2216939864701635	140.28405261828084
4	23.5	0	4.331103507688165	134.62089035578936
4	23.666666666666668	0	4.009125492702658	143.84433745263428
4	23.833333333333332	0	4.657659468902569	181.9603033093181
4	24.0	0	4.720707437310795	179.93541972281727
4	24.166666666666668	0	4.508546988579197	230.56711313352045
4	24.333333333333332	0	4.856205357132378	218.29497737175973
4	24.5	0	3.405257195132986	108.56230615955945
4	24.666666666666668	0	3.8348114443702346	139.82190727054035
4	24.833333333333332	0	3.4997321697683255	187.0531289681196
4	25.0	0	3.7807939064664975	199.6941218139319
4	25.166666666666668	0	4.53799839212091	175.79605044809
4	25.333333333333332	0	4.81631273710546	150.2010034837377
4	25.5	0	4.220521918230958	145.48421718554187
4	25.666666666666668	0	3.896862308374362	73.76055622757127
4	25.833333333333332	0	4.984006334600634	64.33637401593455
4	26.0	0	3.781443811006752	121.31773989217174
4	26.166666666666668	0	3.192242355000828	147.01586794099245
4	26.333333333333332	0	4.598709387663529	77.2971233456537
4	26.5	0	3.999009833454203	205.50981902422734
4	26.666666666666668	0	3.651961946127533	179.5094678130018
4	26.833333333333332	0	4.733923026770614	164.4501660821113
4	27.0	0	3.6000338466108364	110.88851792196783
4	27.166666666666668	0	3.562501550612164	157.459842543089
4	27.333333333333332	0	4.957709890564297	149.66072274026587
4	27.5	0	4.384638700411941	156.4588653783652
4	27.666666666666668	0	3.978499158157879	115.52729163535109
4	27.833333333333332	0	3.4610301229111187	102.46678546902477
4	28.0	0	3.414201314362701	181.66444518888173
4	28.166666666666668	0	4.095017109648737	204.28933989148732
4	28.333333333333332	0	3.389854747811783	235.82435496078696
4	28.5	0	4.847688192693121	50.57890314726865
4	28.666666666666668	0	4.689292567253416	68.54580046109682
4	28.833333333333332	0	4.226973712312997	241.1097311370776
4	29.0	0	3.115674822566183	242.46016520364125
4	29.166666666666668	0	4.566859731882425	184.7106694333573
4	29.333333333333332	0	3.2730046354553632	53.90484948907029
4	29.5	0	3.900736431411249	134.1494852627854
4	29.666666666666668	0	3.108778090154259	136.53293964998448
4	29.833333333333332	0	3.033288354993311	232.36461137675911
4	30.0	0	4.8645563392116	176.33430279070234
4	30.166666666666668	0	3.7282233904828965	129.79155567982042
4	30.333333333333332	0	3.7003907849312014	108.46003385544643
4	30.5	0	4.954529337252223	199.1329384149061
4	30.666666666666668	0	4.190672234161809	248.46862608367272
4	30.833333333333332	0	3.4718352604730605	121.77251156681201
4	31.0	0	3.1331148578899457	74.08883147612993
4	31.166666666666668	0	4.685848329688969	249.13520686917715
4	31.333333333333332	0	4.669227524815367	218.32076684770627
4	31.5	0	3.66772521369995	52.64679937055823
4	31.666666666666668	0	4.583764983903945	60.67334973902345
4	31.833333333333332	0	4.506628399595447	167.54824935850922
4	32.0	0	4.832292186630231	110.56269736433686
4	32.166666666666664	0	4.752609249528774	208.67145583721174
4	32.333333333333336	0	4.840135781764818	165.37279221649874
4	32.5	0	4.607348641526406	90.38467399717807
4	32.666666666666664	0	4.922637096699947	195.40606587593038
4	32.833333333333336	0	3.7331785015242422	218.26740495950378
4	33.0	0	3.2957621997540554	58.92837370173778
4	33.166666666666664	0	4.076196389572048	236.67611679882557
4	33.333333333333336	0	3.577764473862147	82.7392035473018
4	33.5	0	4.937177140059857	214.21375509272661
4	33.666666666666664	0	4.426736026938558	57.17456987352196
4	33.833333333333336	0	4.674375992954891	228.21755364339162
4	34.0	0	3.0155255325389634	89.1767177769257
4	34.166666666666664	0	3.8852074652548865	69.73117647101097
4	34.333333333333336	0	3.4146398289003033	233.0411090966467
4	34.5	0	3.6891761707795876	232.0288716203043
4	34.666666666666664	0	3.635387218989054	75.67795381374685
4	34.833333333333336	0	3.822325074060312	68.61074706441323
4	35.0	0	3.079662266467696	91.70194398301288
4	35.166666666666664	0	4.653858535459056	210.69000759470285
4	35.333333333333336	0	3.4494109193805027	203.3905149934545
4	35.5	0	4.948486724544766	219.54441406357395
4	35.666666666666664	0	4.787956200467033	181.52743512304045
4	35.833333333333336	0	3.223430328825742	215.7058433792346
4	36.0	0	4.257005768323521	105.37517272405879
4	36.166666666666664	0	4.886913170254159	74.81341273886268
4	36.333333333333336	0	4.497302304265274	63.495998023499745
4	36.5	0	3.9953629918759015	109.05714896692236
4	36.666666666666664	0	4.9775187171153	221.86834312358846
4	36.833333333333336	0	3.4294293343762376	163.49078847065488
4	37.0	0	3.6051413603607143	111.72151271663145
4	37.166666666666664	0	4.56431977606849	148.09380642101135
4	37.333333333333336	0	3.054724035039441	96.7384420682379
4	37.5	0	3.097844916147682	199.3143860493974
4	37.666666666666664	0	4.763036815403341	67.75265617956796
4	37.833333333333336	0	3.5999545982718413	118.92658054531817
4	38.0	0	3.3472746860943507	82.79229406366741
4	38.166666666666664	0	3.560437128682697	73.38645949268887
4	38.333333333333336	0	3.321630486779411	121.30047938066828
4	38.5	0	4.2368447065297765	153.47365551994554
4	38.666666666666664	0	4.419178358801187	153.58794395068713
4	38.833333333333336	0	4.442598764968838	91.85620836350324
4	39.0	0	3.5701542319384094	140.05046210746931
4	39.166666666666664	0	4.565619492850791	215.31822597762732
4	39.333333333333336	0	4.644359980518119	169.41000960512565
4	39.5	0	3.570713812749694	168.74146387223982
4	39.666666666666664	0	3.4345594752191326	121.21530331787267
4	39.833333333333336	0	3.5143483331163363	89.53335723521916
4	40.0	0	3.0393741346614034	195.0639231529979
4	40.166666666666664	0	4.188322608046074	134.04581137521913
4	40.333333333333336	0	3.7983276268704564	187.4846280152052
4	40.5	0	4.909249536992114	161.63039272478642
4	40.666666666666664	0	4.23832889933569	117.14525995553385
4	40.833333333333336	0	3.1836404318665608	167.32733529940444
4	41.0	0	3.1100234827386446	100.0279920684109
4	41.166666666666664	0	3.0037830346186407	120.78713973008198
4	41.333333333333336	0	3.5240845108728607	58.44040006717075
4	41.5	0	4.86749024345805	216.87530141817467
4	41.666666666666664	0	4.4416543263923725	111.20729296232224
4	41.833333333333336	0	3.2651896727265672	172.51208614089128
4	42.0	0	4.329788862520166	137.11481529838562
4	42.166666666666664	0	3.3407134695482883	114.65098783990292
4	42.333333333333336	0	4.661897492709562	229.65496342892004
4	42.5	0	4.707538837982162	195.9009225444057
4	42.666666666666664	0	3.1248120347828845	168.3451595312455
4	42.833333333333336	0	4.990120690320453	147.14893046033387
4	43.0	0	3.888257937505478	220.3740782962721
4	43.166666666666664	0	4.560347801749084	130.64156723180392
4	43.333333333333336	0	3.0991433130749066	156.05152247477758
4	43.5	0	3.1520450239846944	92.33483149341764
4	43.666666666666664	0	3.8822198090225655	112.51672915431755
4	43.833333333333336	0	4.561834578577672	128.9240116525703
4	44.0	0	4.560312278234882	72.38595745281143
4	44.166666666666664	0	3.4825600953901588	182.8163655391546
4	44.333333333333336	0	4.551452865506892	237.49685528871606
4	44.5	0	4.665867200869545	57.411170483685446
4	44.666666666666664	0	4.45689681461369	72.63366278290468
4	44.833333333333336	0	3.073426150501648	105.40316607577971
4	45.0	0	4.2231377495928415	70.09378862438123
4	45.166666666666664	0	4.4516716341624285	184.42704639563655
4	45.333333333333336	0	3.9426806494710194	143.18298545353338
4	45.5	0	4.852825740248425	197.2121895819378
4	45.666666666666664	0	3.852471395854591	195.20278904676775
4	45.833333333333336	0	3.0253612503841376	137.51838325157019
4	46.0	0	3.395522687241522	230.22053278084263
4	46.166666666666664	0	3.3099521928426183	248.47478935001016
4	46.333333333333336	0	3.8304159712984216	172.88879058962922
4	46.5	0	4.702349860003243	66.54616997559941
4	46.666666666666664	0	4.80500097592574	146.80761886666747
4	46.833333333333336	0	4.082512968626985	172.2016470224121
4	47.0	0	4.55475329570664	124.39961846603886
4	47.166666666666664	0	4.25971099690792	197.46312859345258
4	47.333333333333336	0	3.942893226439572	205.99431216761022
4	47.5	0	4.446210684415823	50.861892421905644
4	47.666666666666664	0	4.428507351845614	111.79494064475719
4	47.833333333333336	0	4.0475462765043675	211.93349652741142
4	48.0	0	3.230557094706501	177.62735421025116
4	48.166666666666664	0	4.245264244115486	120.23264762459827
4	48.333333333333336	0	3.4497977414195367	233.84718563653283
4	48.5	0	3.748424790709402	137.9513603283637
4	48.666666666666664	0	4.71727231123913	216.5081367861252
4	48.833333333333336	0	3.3030320430244178	100.5751723647111
4	49.0	0	3.0571860560324966	210.87067082091087
4	49.166666666666664	0	4.07395625602049	86.61376599029961
4	49.333333333333336	0	3.0836068398141157	59.55705385514063
4	49.5	0	3.851801008802542	135.294012122677
4	49.666666666666664	0	3.394578004139303	81.13522215196707
4	49.833333333333336	0	4.187560787308654	220.20486153996046
4	50.0	0	3.0838706848066595	239.6404527439755
4	50.166666666666664	0	3.0208023885274398	247.23521124671115
4	50.333333333333336	0	3.6597436655789837	81.52051616249696
4	50.5	0	3.1424970151397127	186.74731939871089
4	50.666666666666664	0	4.341718291992262	113.71640997104492
4	50.833333333333336	0	4.921518000123685	72.77999990999433
4	51.0	0	3.700518401747044	235.0673848719432
4	51.166666666666664	0	4.124211821600645	106.17731358085308
4	51.333333333333336	0	4.912963594515563	152.95562333979979
4	51.5	0	4.369339064576829	83.89011113092764
4	51.666666666666664	0	3.5227471655294096	218.08232494840288
4	51.833333333333336	0	4.786073784965566	243.2992589923183
4	52.0	0	3.529668842549106	192.49365606276302
4	52.166666666666664	0	4.78063974279415	158.26102788012213
4	52.333333333333336	0	3.8740339492926186	129.45153368638475
4	52.5	0	3.4675527290096055	152.67660726546438
4	52.666666666666664	0	4.93957089581277	188.47075452260665
4	52.833333333333336	0	3.284328670715399	207.73936269518128
4	53.0	0	3.567359994221683	234.82060735241365
4	53.166666666666664	0	3.5839084358806303	130.61490490379794
4	53.333333333333336	0	3.2549065198080935	80.01555142859753
4	53.5	0	4.586940035390364	225.16068919845014
4	53.666666666666664	0	3.7086322459804446	208.29626469328718
4	53.833333333333336	0	4.976450188180229	59.39340966246625
4	54.0	0	4.724699813595265	203.8288089194897
4	54.166666666666664	0	3.630327560132296	159.7639817451884
4	54.333333333333336	0	3.4922251882475397	244.32624158989512
4	54.5	0	3.5124305716929225	178.90148136915053
4	54.666666666666664	0	3.844573980519241	159.02358936711346
4	54.833333333333336	0	3.5810234630046596	81.3390109095485
4	55.0	0	4.728578209655033	62.413706240361066
4	55.166666666666664	0	4.723635129909191	170.83598797690888
4	55.333333333333336	0	3.2181501077767987	69.87794137651353
4	55.5	0	4.190324788174772	143.2628733875572
4	55.666666666666664	0	4.767911233351496	77.32235724669401
4	55.833333333333336	0	3.7727311378685453	190.61604587161298
4	56.0	0	4.084095002318175	244.1564902270028
4	56.166666666666664	0	4.064169904548693	104.58193994948829
4	56.333333333333336	0	3.9841210180363302	57.428528656736354
4	56.5	0	4.53643748879956	132.1712473086759
4	56.666666666666664	0	4.922881657945961	74.6570962459057
4	56.833333333333336	0	4.881867586122088	221.29546409581917
4	57.0	0	4.4829204275534185	243.87649860826562
4	57.166666666666664	0	3.0945785289494236	60.759698472063086
4	57.333333333333336	0	4.057323223913161	81.63888244250717
4	57.5	0	4.1027409767231156	166.99710673695148
4	57.666666666666664	0	3.1982836590362185	153.19325559157892
4	57.833333333333336	0	3.4140838489810896	198.97207616458067
4	58.0	0	4.660944750237656	243.78784704804505
4	58.166666666666664	0	3.199749345320374	93.03059123868269
4	58.333333333333336	0	3.0412595031749485	136.0190307361275
4	58.5	0	3.51699726966194	101.07799831022702
4	58.666666666666664	0	3.0882537141454263	215.37631609566213
4	58.833333333333336	0	4.959149532240598	188.31582312976354
4	59.0	0	4.265215075255007	214.60976520091012
4	59.166666666666664	0	4.921556896111588	100.87089392585911
4	59.333333333333336	0	3.9409727832959343	77.27251278091715
4	59.5	0	3.8852602457889076	149.0016068571411
4	59.666666666666664	0	4.711573148519742	171.76781064338041
4	59.833333333333336	0	4.6454090461990525	168.16767519354124
