ncols	5
nrows	1
Hour	Min	Temp(8.5,22,146)	wspd(mph)(0,33)	Dir	
0	0	0	240.1 3.05
1	0	0	240.1 3.05
2	0	0	238.5 2.9
3	0	0	228.86 2.74
4	0	0	222.47 2.6
5	0	0	226.03 2.45
6	0	0	264.13 2.44
7	0	0	299.6  1.96
8	0	0	296.83 1.28
9	0	0	32.54  0.87
10	0	0	90.76  0.87
11	0	0	132.36 0.99
12	0	0	149.03 1.25
13	0	0	163.38 1.22
14	0	0	179.97 0.71
15	0	0	206.78 0.82
16	0	0	213.46 0.97
17	0	0	181.71 1.04
18	0	0	192.49 1.83
19	0	0	271.97 6.51
20	0	0	258.42 3.36
21	0	0	290.27 1.73
22	0	0	354.47 0.2
23	0	0	46.62  2.49
24	0	0	265.01 3.51
